date,country,arrivals,arrivals_male,arrivals_female
2020-01-01,ALL,2923053,1598823,1324230
2020-02-01,ALL,1997322,1186644,810678
2020-03-01,ALL,1065039,638642,426397
2020-04-01,ALL,15077,14086,991
2020-05-01,ALL,14282,13195,1087
2020-06-01,ALL,14400,13103,1297
2020-07-01,ALL,20345,17607,2738
2020-08-01,ALL,22229,19152,3077
2020-09-01,ALL,22642,19814,2828
2020-10-01,ALL,22749,20108,2641
2020-11-01,ALL,24973,22337,2636
2020-12-01,ALL,29897,27721,2176
2021-01-01,ALL,35867,33715,2152
2021-02-01,ALL,33309,31254,2055
2021-03-01,ALL,42434,38999,3435
2021-04-01,ALL,37880,34692,3188
2021-05-01,ALL,35434,33309,2125
2021-06-01,ALL,29607,28412,1195
2021-07-01,ALL,31331,29497,1834
2021-08-01,ALL,31658,29346,2312
2021-09-01,ALL,35017,32647,2370
2021-10-01,ALL,38564,34973,3591
2021-11-01,ALL,42323,37529,4794
2021-12-01,ALL,77135,60339,16796
2022-01-01,ALL,76559,60079,16480
2022-02-01,ALL,68753,55801,12952
2022-03-01,ALL,92455,72545,19910
2022-04-01,ALL,604690,382594,222096
2022-05-01,ALL,1037181,633842,403339
2022-06-01,ALL,1389092,813559,575533
2022-07-01,ALL,1699890,986785,713105
2022-08-01,ALL,1808373,1059751,748622
2022-09-01,ALL,1900183,1095258,804925
2022-10-01,ALL,2022369,1156405,865964
2022-11-01,ALL,2048419,1177765,870654
2022-12-01,ALL,2400548,1306834,1093714
2023-01-01,ALL,2234972,1254853,980119
2023-02-01,ALL,2047306,1187808,859498
2023-03-01,ALL,2388103,1355674,1032429
2023-04-01,ALL,2282367,1259274,1023093
2023-05-01,ALL,2416296,1375694,1040602
2023-06-01,ALL,2399593,1318503,1081090
2023-07-01,ALL,2829817,1550303,1279514
2023-08-01,ALL,2701427,1511318,1190109
2023-09-01,ALL,2718469,1514846,1203623
2023-10-01,ALL,2656279,1479097,1177182
2023-11-01,ALL,2663169,1473022,1190147
2023-12-01,ALL,3177506,1694180,1483326
2024-01-01,ALL,2573413,1400702,1172711
2024-02-01,ALL,2792284,1506816,1285468
2024-03-01,ALL,3253261,1737534,1515727
2024-04-01,ALL,2934252,1595109,1339143
2024-05-01,ALL,3198870,1772729,1426141
2024-06-01,ALL,3519432,1855032,1664400
2020-01-01,ABW,0,0,0
2020-02-01,ABW,0,0,0
2020-03-01,ABW,0,0,0
2020-04-01,ABW,0,0,0
2020-05-01,ABW,0,0,0
2020-06-01,ABW,0,0,0
2020-07-01,ABW,0,0,0
2020-08-01,ABW,0,0,0
2020-09-01,ABW,0,0,0
2020-10-01,ABW,0,0,0
2020-11-01,ABW,0,0,0
2020-12-01,ABW,0,0,0
2021-01-01,ABW,0,0,0
2021-02-01,ABW,0,0,0
2021-03-01,ABW,0,0,0
2021-04-01,ABW,0,0,0
2021-05-01,ABW,0,0,0
2021-06-01,ABW,0,0,0
2021-07-01,ABW,0,0,0
2021-08-01,ABW,0,0,0
2021-09-01,ABW,0,0,0
2021-10-01,ABW,0,0,0
2021-11-01,ABW,0,0,0
2021-12-01,ABW,0,0,0
2022-01-01,ABW,0,0,0
2022-02-01,ABW,0,0,0
2022-03-01,ABW,0,0,0
2022-04-01,ABW,1,0,1
2022-05-01,ABW,0,0,0
2022-06-01,ABW,1,0,1
2022-07-01,ABW,0,0,0
2022-08-01,ABW,0,0,0
2022-09-01,ABW,0,0,0
2022-10-01,ABW,0,0,0
2022-11-01,ABW,0,0,0
2022-12-01,ABW,0,0,0
2023-01-01,ABW,0,0,0
2023-02-01,ABW,0,0,0
2023-03-01,ABW,0,0,0
2023-04-01,ABW,0,0,0
2023-05-01,ABW,0,0,0
2023-06-01,ABW,0,0,0
2023-07-01,ABW,0,0,0
2023-08-01,ABW,0,0,0
2023-09-01,ABW,0,0,0
2023-10-01,ABW,0,0,0
2023-11-01,ABW,0,0,0
2023-12-01,ABW,0,0,0
2024-01-01,ABW,0,0,0
2024-02-01,ABW,0,0,0
2024-03-01,ABW,0,0,0
2024-04-01,ABW,0,0,0
2024-05-01,ABW,0,0,0
2024-06-01,ABW,0,0,0
2020-01-01,AFG,183,162,21
2020-02-01,AFG,254,191,63
2020-03-01,AFG,87,71,16
2020-04-01,AFG,0,0,0
2020-05-01,AFG,1,1,0
2020-06-01,AFG,1,1,0
2020-07-01,AFG,6,3,3
2020-08-01,AFG,2,2,0
2020-09-01,AFG,12,7,5
2020-10-01,AFG,12,7,5
2020-11-01,AFG,4,4,0
2020-12-01,AFG,2,2,0
2021-01-01,AFG,15,10,5
2021-02-01,AFG,17,15,2
2021-03-01,AFG,36,29,7
2021-04-01,AFG,30,26,4
2021-05-01,AFG,26,18,8
2021-06-01,AFG,6,3,3
2021-07-01,AFG,10,7,3
2021-08-01,AFG,15,12,3
2021-09-01,AFG,8,4,4
2021-10-01,AFG,16,11,5
2021-11-01,AFG,57,36,21
2021-12-01,AFG,68,44,24
2022-01-01,AFG,65,52,13
2022-02-01,AFG,76,53,23
2022-03-01,AFG,94,64,30
2022-04-01,AFG,103,78,25
2022-05-01,AFG,127,94,33
2022-06-01,AFG,102,73,29
2022-07-01,AFG,63,44,19
2022-08-01,AFG,74,50,24
2022-09-01,AFG,51,45,6
2022-10-01,AFG,48,31,17
2022-11-01,AFG,27,21,6
2022-12-01,AFG,35,29,6
2023-01-01,AFG,60,49,11
2023-02-01,AFG,40,36,4
2023-03-01,AFG,30,26,4
2023-04-01,AFG,35,27,8
2023-05-01,AFG,54,38,16
2023-06-01,AFG,44,34,10
2023-07-01,AFG,71,42,29
2023-08-01,AFG,94,63,31
2023-09-01,AFG,66,54,12
2023-10-01,AFG,73,57,16
2023-11-01,AFG,44,34,10
2023-12-01,AFG,73,54,19
2024-01-01,AFG,74,62,12
2024-02-01,AFG,54,38,16
2024-03-01,AFG,47,42,5
2024-04-01,AFG,77,56,21
2024-05-01,AFG,45,29,16
2024-06-01,AFG,36,27,9
2020-01-01,AGO,9,6,3
2020-02-01,AGO,8,6,2
2020-03-01,AGO,1,0,1
2020-04-01,AGO,0,0,0
2020-05-01,AGO,0,0,0
2020-06-01,AGO,0,0,0
2020-07-01,AGO,0,0,0
2020-08-01,AGO,0,0,0
2020-09-01,AGO,0,0,0
2020-10-01,AGO,0,0,0
2020-11-01,AGO,0,0,0
2020-12-01,AGO,0,0,0
2021-01-01,AGO,0,0,0
2021-02-01,AGO,0,0,0
2021-03-01,AGO,0,0,0
2021-04-01,AGO,0,0,0
2021-05-01,AGO,0,0,0
2021-06-01,AGO,0,0,0
2021-07-01,AGO,0,0,0
2021-08-01,AGO,4,3,1
2021-09-01,AGO,0,0,0
2021-10-01,AGO,0,0,0
2021-11-01,AGO,0,0,0
2021-12-01,AGO,0,0,0
2022-01-01,AGO,4,3,1
2022-02-01,AGO,0,0,0
2022-03-01,AGO,0,0,0
2022-04-01,AGO,3,2,1
2022-05-01,AGO,2,2,0
2022-06-01,AGO,0,0,0
2022-07-01,AGO,1,0,1
2022-08-01,AGO,0,0,0
2022-09-01,AGO,12,5,7
2022-10-01,AGO,6,5,1
2022-11-01,AGO,4,4,0
2022-12-01,AGO,3,3,0
2023-01-01,AGO,1,1,0
2023-02-01,AGO,5,4,1
2023-03-01,AGO,22,20,2
2023-04-01,AGO,2,0,2
2023-05-01,AGO,6,5,1
2023-06-01,AGO,12,8,4
2023-07-01,AGO,8,8,0
2023-08-01,AGO,4,3,1
2023-09-01,AGO,7,3,4
2023-10-01,AGO,5,4,1
2023-11-01,AGO,3,3,0
2023-12-01,AGO,3,1,2
2024-01-01,AGO,10,7,3
2024-02-01,AGO,1,1,0
2024-03-01,AGO,10,4,6
2024-04-01,AGO,2,1,1
2024-05-01,AGO,2,2,0
2024-06-01,AGO,9,7,2
2020-01-01,AIA,0,0,0
2020-02-01,AIA,0,0,0
2020-03-01,AIA,0,0,0
2020-04-01,AIA,0,0,0
2020-05-01,AIA,0,0,0
2020-06-01,AIA,0,0,0
2020-07-01,AIA,0,0,0
2020-08-01,AIA,0,0,0
2020-09-01,AIA,0,0,0
2020-10-01,AIA,0,0,0
2020-11-01,AIA,0,0,0
2020-12-01,AIA,0,0,0
2021-01-01,AIA,0,0,0
2021-02-01,AIA,0,0,0
2021-03-01,AIA,0,0,0
2021-04-01,AIA,0,0,0
2021-05-01,AIA,0,0,0
2021-06-01,AIA,0,0,0
2021-07-01,AIA,0,0,0
2021-08-01,AIA,0,0,0
2021-09-01,AIA,0,0,0
2021-10-01,AIA,0,0,0
2021-11-01,AIA,0,0,0
2021-12-01,AIA,0,0,0
2022-01-01,AIA,0,0,0
2022-02-01,AIA,0,0,0
2022-03-01,AIA,0,0,0
2022-04-01,AIA,0,0,0
2022-05-01,AIA,0,0,0
2022-06-01,AIA,0,0,0
2022-07-01,AIA,0,0,0
2022-08-01,AIA,0,0,0
2022-09-01,AIA,0,0,0
2022-10-01,AIA,0,0,0
2022-11-01,AIA,1,1,0
2022-12-01,AIA,0,0,0
2023-01-01,AIA,0,0,0
2023-02-01,AIA,0,0,0
2023-03-01,AIA,0,0,0
2023-04-01,AIA,0,0,0
2023-05-01,AIA,0,0,0
2023-06-01,AIA,0,0,0
2023-07-01,AIA,0,0,0
2023-08-01,AIA,0,0,0
2023-09-01,AIA,0,0,0
2023-10-01,AIA,0,0,0
2023-11-01,AIA,1,1,0
2023-12-01,AIA,0,0,0
2024-01-01,AIA,0,0,0
2024-02-01,AIA,0,0,0
2024-03-01,AIA,1,0,1
2024-04-01,AIA,0,0,0
2024-05-01,AIA,0,0,0
2024-06-01,AIA,1,1,0
2020-01-01,ALB,109,56,53
2020-02-01,ALB,57,30,27
2020-03-01,ALB,27,17,10
2020-04-01,ALB,0,0,0
2020-05-01,ALB,0,0,0
2020-06-01,ALB,0,0,0
2020-07-01,ALB,0,0,0
2020-08-01,ALB,0,0,0
2020-09-01,ALB,0,0,0
2020-10-01,ALB,3,2,1
2020-11-01,ALB,0,0,0
2020-12-01,ALB,1,1,0
2021-01-01,ALB,1,1,0
2021-02-01,ALB,0,0,0
2021-03-01,ALB,0,0,0
2021-04-01,ALB,4,3,1
2021-05-01,ALB,1,0,1
2021-06-01,ALB,1,0,1
2021-07-01,ALB,0,0,0
2021-08-01,ALB,0,0,0
2021-09-01,ALB,2,1,1
2021-10-01,ALB,1,1,0
2021-11-01,ALB,0,0,0
2021-12-01,ALB,5,4,1
2022-01-01,ALB,5,4,1
2022-02-01,ALB,3,2,1
2022-03-01,ALB,3,2,1
2022-04-01,ALB,19,11,8
2022-05-01,ALB,20,15,5
2022-06-01,ALB,13,8,5
2022-07-01,ALB,33,20,13
2022-08-01,ALB,54,35,19
2022-09-01,ALB,42,21,21
2022-10-01,ALB,64,47,17
2022-11-01,ALB,41,27,14
2022-12-01,ALB,53,32,21
2023-01-01,ALB,55,34,21
2023-02-01,ALB,37,26,11
2023-03-01,ALB,51,35,16
2023-04-01,ALB,45,35,10
2023-05-01,ALB,47,34,13
2023-06-01,ALB,26,20,6
2023-07-01,ALB,47,30,17
2023-08-01,ALB,68,42,26
2023-09-01,ALB,60,37,23
2023-10-01,ALB,62,38,24
2023-11-01,ALB,55,38,17
2023-12-01,ALB,74,53,21
2024-01-01,ALB,73,47,26
2024-02-01,ALB,46,29,17
2024-03-01,ALB,102,49,53
2024-04-01,ALB,51,28,23
2024-05-01,ALB,42,25,17
2024-06-01,ALB,46,28,18
2020-01-01,AND,5,3,2
2020-02-01,AND,9,5,4
2020-03-01,AND,1,1,0
2020-04-01,AND,0,0,0
2020-05-01,AND,0,0,0
2020-06-01,AND,0,0,0
2020-07-01,AND,0,0,0
2020-08-01,AND,0,0,0
2020-09-01,AND,0,0,0
2020-10-01,AND,0,0,0
2020-11-01,AND,0,0,0
2020-12-01,AND,0,0,0
2021-01-01,AND,0,0,0
2021-02-01,AND,0,0,0
2021-03-01,AND,0,0,0
2021-04-01,AND,0,0,0
2021-05-01,AND,0,0,0
2021-06-01,AND,0,0,0
2021-07-01,AND,0,0,0
2021-08-01,AND,0,0,0
2021-09-01,AND,0,0,0
2021-10-01,AND,0,0,0
2021-11-01,AND,0,0,0
2021-12-01,AND,0,0,0
2022-01-01,AND,0,0,0
2022-02-01,AND,0,0,0
2022-03-01,AND,0,0,0
2022-04-01,AND,2,2,0
2022-05-01,AND,2,1,1
2022-06-01,AND,3,1,2
2022-07-01,AND,5,2,3
2022-08-01,AND,5,2,3
2022-09-01,AND,9,5,4
2022-10-01,AND,6,3,3
2022-11-01,AND,4,1,3
2022-12-01,AND,0,0,0
2023-01-01,AND,3,1,2
2023-02-01,AND,5,3,2
2023-03-01,AND,0,0,0
2023-04-01,AND,4,2,2
2023-05-01,AND,3,2,1
2023-06-01,AND,1,1,0
2023-07-01,AND,7,3,4
2023-08-01,AND,17,8,9
2023-09-01,AND,8,4,4
2023-10-01,AND,15,11,4
2023-11-01,AND,9,4,5
2023-12-01,AND,16,8,8
2024-01-01,AND,1,1,0
2024-02-01,AND,6,2,4
2024-03-01,AND,14,8,6
2024-04-01,AND,5,3,2
2024-05-01,AND,15,13,2
2024-06-01,AND,14,10,4
2020-01-01,ANT,0,0,0
2020-02-01,ANT,0,0,0
2020-03-01,ANT,0,0,0
2020-04-01,ANT,0,0,0
2020-05-01,ANT,0,0,0
2020-06-01,ANT,0,0,0
2020-07-01,ANT,0,0,0
2020-08-01,ANT,0,0,0
2020-09-01,ANT,0,0,0
2020-10-01,ANT,0,0,0
2020-11-01,ANT,0,0,0
2020-12-01,ANT,0,0,0
2021-01-01,ANT,0,0,0
2021-02-01,ANT,0,0,0
2021-03-01,ANT,0,0,0
2021-04-01,ANT,0,0,0
2021-05-01,ANT,0,0,0
2021-06-01,ANT,0,0,0
2021-07-01,ANT,1,0,1
2021-08-01,ANT,0,0,0
2021-09-01,ANT,0,0,0
2021-10-01,ANT,0,0,0
2021-11-01,ANT,0,0,0
2021-12-01,ANT,0,0,0
2022-01-01,ANT,0,0,0
2022-02-01,ANT,0,0,0
2022-03-01,ANT,0,0,0
2022-04-01,ANT,0,0,0
2022-05-01,ANT,0,0,0
2022-06-01,ANT,0,0,0
2022-07-01,ANT,0,0,0
2022-08-01,ANT,0,0,0
2022-09-01,ANT,0,0,0
2022-10-01,ANT,0,0,0
2022-11-01,ANT,0,0,0
2022-12-01,ANT,0,0,0
2023-01-01,ANT,0,0,0
2023-02-01,ANT,0,0,0
2023-03-01,ANT,0,0,0
2023-04-01,ANT,0,0,0
2023-05-01,ANT,0,0,0
2023-06-01,ANT,0,0,0
2023-07-01,ANT,0,0,0
2023-08-01,ANT,0,0,0
2023-09-01,ANT,0,0,0
2023-10-01,ANT,0,0,0
2023-11-01,ANT,0,0,0
2023-12-01,ANT,0,0,0
2024-01-01,ANT,1,0,1
2024-02-01,ANT,0,0,0
2024-03-01,ANT,0,0,0
2024-04-01,ANT,0,0,0
2024-05-01,ANT,0,0,0
2024-06-01,ANT,0,0,0
2020-01-01,ARE,401,272,129
2020-02-01,ARE,252,181,71
2020-03-01,ARE,64,53,11
2020-04-01,ARE,2,2,0
2020-05-01,ARE,0,0,0
2020-06-01,ARE,2,2,0
2020-07-01,ARE,5,1,4
2020-08-01,ARE,8,5,3
2020-09-01,ARE,1,0,1
2020-10-01,ARE,6,4,2
2020-11-01,ARE,0,0,0
2020-12-01,ARE,10,5,5
2021-01-01,ARE,8,7,1
2021-02-01,ARE,2,1,1
2021-03-01,ARE,4,4,0
2021-04-01,ARE,5,4,1
2021-05-01,ARE,11,6,5
2021-06-01,ARE,1,0,1
2021-07-01,ARE,1,1,0
2021-08-01,ARE,1,1,0
2021-09-01,ARE,45,44,1
2021-10-01,ARE,2,2,0
2021-11-01,ARE,2,1,1
2021-12-01,ARE,21,15,6
2022-01-01,ARE,10,7,3
2022-02-01,ARE,6,5,1
2022-03-01,ARE,34,19,15
2022-04-01,ARE,65,38,27
2022-05-01,ARE,230,158,72
2022-06-01,ARE,195,132,63
2022-07-01,ARE,711,371,340
2022-08-01,ARE,645,339,306
2022-09-01,ARE,234,175,59
2022-10-01,ARE,356,259,97
2022-11-01,ARE,404,278,126
2022-12-01,ARE,734,377,357
2023-01-01,ARE,286,177,109
2023-02-01,ARE,286,197,89
2023-03-01,ARE,241,174,67
2023-04-01,ARE,210,126,84
2023-05-01,ARE,606,453,153
2023-06-01,ARE,766,421,345
2023-07-01,ARE,2215,1098,1117
2023-08-01,ARE,1518,791,727
2023-09-01,ARE,379,253,126
2023-10-01,ARE,427,262,165
2023-11-01,ARE,385,245,140
2023-12-01,ARE,1156,603,553
2024-01-01,ARE,366,244,122
2024-02-01,ARE,392,247,145
2024-03-01,ARE,176,110,66
2024-04-01,ARE,528,303,225
2024-05-01,ARE,320,201,119
2024-06-01,ARE,726,410,316
2020-01-01,ARG,1467,762,705
2020-02-01,ARG,824,444,380
2020-03-01,ARG,511,270,241
2020-04-01,ARG,0,0,0
2020-05-01,ARG,0,0,0
2020-06-01,ARG,0,0,0
2020-07-01,ARG,4,2,2
2020-08-01,ARG,2,0,2
2020-09-01,ARG,1,1,0
2020-10-01,ARG,1,0,1
2020-11-01,ARG,3,3,0
2020-12-01,ARG,10,5,5
2021-01-01,ARG,13,4,9
2021-02-01,ARG,4,4,0
2021-03-01,ARG,8,6,2
2021-04-01,ARG,2,1,1
2021-05-01,ARG,6,6,0
2021-06-01,ARG,7,4,3
2021-07-01,ARG,10,8,2
2021-08-01,ARG,19,13,6
2021-09-01,ARG,4,1,3
2021-10-01,ARG,12,7,5
2021-11-01,ARG,1,0,1
2021-12-01,ARG,11,5,6
2022-01-01,ARG,42,24,18
2022-02-01,ARG,19,13,6
2022-03-01,ARG,25,15,10
2022-04-01,ARG,100,72,28
2022-05-01,ARG,172,105,67
2022-06-01,ARG,184,109,75
2022-07-01,ARG,282,164,118
2022-08-01,ARG,259,144,115
2022-09-01,ARG,296,171,125
2022-10-01,ARG,381,211,170
2022-11-01,ARG,361,220,141
2022-12-01,ARG,311,164,147
2023-01-01,ARG,710,379,331
2023-02-01,ARG,456,263,193
2023-03-01,ARG,536,292,244
2023-04-01,ARG,523,270,253
2023-05-01,ARG,457,246,211
2023-06-01,ARG,313,180,133
2023-07-01,ARG,503,266,237
2023-08-01,ARG,484,256,228
2023-09-01,ARG,484,270,214
2023-10-01,ARG,512,295,217
2023-11-01,ARG,556,312,244
2023-12-01,ARG,628,316,312
2024-01-01,ARG,1211,586,625
2024-02-01,ARG,782,399,383
2024-03-01,ARG,767,405,362
2024-04-01,ARG,657,323,334
2024-05-01,ARG,571,307,264
2024-06-01,ARG,549,292,257
2020-01-01,ARM,91,27,64
2020-02-01,ARM,69,38,31
2020-03-01,ARM,24,12,12
2020-04-01,ARM,0,0,0
2020-05-01,ARM,0,0,0
2020-06-01,ARM,0,0,0
2020-07-01,ARM,0,0,0
2020-08-01,ARM,0,0,0
2020-09-01,ARM,0,0,0
2020-10-01,ARM,0,0,0
2020-11-01,ARM,0,0,0
2020-12-01,ARM,0,0,0
2021-01-01,ARM,0,0,0
2021-02-01,ARM,1,0,1
2021-03-01,ARM,1,0,1
2021-04-01,ARM,1,1,0
2021-05-01,ARM,1,0,1
2021-06-01,ARM,0,0,0
2021-07-01,ARM,3,2,1
2021-08-01,ARM,0,0,0
2021-09-01,ARM,0,0,0
2021-10-01,ARM,0,0,0
2021-11-01,ARM,0,0,0
2021-12-01,ARM,1,0,1
2022-01-01,ARM,6,2,4
2022-02-01,ARM,1,0,1
2022-03-01,ARM,2,0,2
2022-04-01,ARM,10,3,7
2022-05-01,ARM,11,4,7
2022-06-01,ARM,17,5,12
2022-07-01,ARM,32,17,15
2022-08-01,ARM,22,12,10
2022-09-01,ARM,36,20,16
2022-10-01,ARM,34,21,13
2022-11-01,ARM,32,12,20
2022-12-01,ARM,55,26,29
2023-01-01,ARM,56,27,29
2023-02-01,ARM,45,20,25
2023-03-01,ARM,131,53,78
2023-04-01,ARM,50,34,16
2023-05-01,ARM,72,35,37
2023-06-01,ARM,112,37,75
2023-07-01,ARM,135,52,83
2023-08-01,ARM,54,27,27
2023-09-01,ARM,60,35,25
2023-10-01,ARM,282,87,195
2023-11-01,ARM,39,23,16
2023-12-01,ARM,63,30,33
2024-01-01,ARM,119,57,62
2024-02-01,ARM,176,65,111
2024-03-01,ARM,67,23,44
2024-04-01,ARM,109,34,75
2024-05-01,ARM,68,37,31
2024-06-01,ARM,70,37,33
2020-01-01,ATA,0,0,0
2020-02-01,ATA,1,0,1
2020-03-01,ATA,0,0,0
2020-04-01,ATA,0,0,0
2020-05-01,ATA,0,0,0
2020-06-01,ATA,0,0,0
2020-07-01,ATA,0,0,0
2020-08-01,ATA,0,0,0
2020-09-01,ATA,0,0,0
2020-10-01,ATA,0,0,0
2020-11-01,ATA,0,0,0
2020-12-01,ATA,0,0,0
2021-01-01,ATA,0,0,0
2021-02-01,ATA,0,0,0
2021-03-01,ATA,0,0,0
2021-04-01,ATA,0,0,0
2021-05-01,ATA,0,0,0
2021-06-01,ATA,0,0,0
2021-07-01,ATA,0,0,0
2021-08-01,ATA,0,0,0
2021-09-01,ATA,0,0,0
2021-10-01,ATA,0,0,0
2021-11-01,ATA,0,0,0
2021-12-01,ATA,0,0,0
2022-01-01,ATA,0,0,0
2022-02-01,ATA,0,0,0
2022-03-01,ATA,0,0,0
2022-04-01,ATA,1,0,1
2022-05-01,ATA,1,1,0
2022-06-01,ATA,0,0,0
2022-07-01,ATA,0,0,0
2022-08-01,ATA,0,0,0
2022-09-01,ATA,0,0,0
2022-10-01,ATA,0,0,0
2022-11-01,ATA,0,0,0
2022-12-01,ATA,0,0,0
2023-01-01,ATA,0,0,0
2023-02-01,ATA,0,0,0
2023-03-01,ATA,0,0,0
2023-04-01,ATA,0,0,0
2023-05-01,ATA,0,0,0
2023-06-01,ATA,0,0,0
2023-07-01,ATA,0,0,0
2023-08-01,ATA,0,0,0
2023-09-01,ATA,0,0,0
2023-10-01,ATA,0,0,0
2023-11-01,ATA,0,0,0
2023-12-01,ATA,2,1,1
2024-01-01,ATA,0,0,0
2024-02-01,ATA,0,0,0
2024-03-01,ATA,1,1,0
2024-04-01,ATA,0,0,0
2024-05-01,ATA,0,0,0
2024-06-01,ATA,0,0,0
2020-01-01,ATG,28,15,13
2020-02-01,ATG,13,8,5
2020-03-01,ATG,7,6,1
2020-04-01,ATG,0,0,0
2020-05-01,ATG,0,0,0
2020-06-01,ATG,0,0,0
2020-07-01,ATG,0,0,0
2020-08-01,ATG,0,0,0
2020-09-01,ATG,0,0,0
2020-10-01,ATG,1,1,0
2020-11-01,ATG,0,0,0
2020-12-01,ATG,0,0,0
2021-01-01,ATG,0,0,0
2021-02-01,ATG,0,0,0
2021-03-01,ATG,0,0,0
2021-04-01,ATG,0,0,0
2021-05-01,ATG,0,0,0
2021-06-01,ATG,0,0,0
2021-07-01,ATG,0,0,0
2021-08-01,ATG,0,0,0
2021-09-01,ATG,0,0,0
2021-10-01,ATG,0,0,0
2021-11-01,ATG,1,0,1
2021-12-01,ATG,1,1,0
2022-01-01,ATG,0,0,0
2022-02-01,ATG,5,2,3
2022-03-01,ATG,6,4,2
2022-04-01,ATG,7,5,2
2022-05-01,ATG,5,5,0
2022-06-01,ATG,15,10,5
2022-07-01,ATG,9,6,3
2022-08-01,ATG,20,13,7
2022-09-01,ATG,17,10,7
2022-10-01,ATG,31,18,13
2022-11-01,ATG,9,9,0
2022-12-01,ATG,16,7,9
2023-01-01,ATG,22,12,10
2023-02-01,ATG,15,11,4
2023-03-01,ATG,30,18,12
2023-04-01,ATG,19,14,5
2023-05-01,ATG,14,12,2
2023-06-01,ATG,18,14,4
2023-07-01,ATG,33,27,6
2023-08-01,ATG,38,21,17
2023-09-01,ATG,25,15,10
2023-10-01,ATG,14,12,2
2023-11-01,ATG,18,13,5
2023-12-01,ATG,30,17,13
2024-01-01,ATG,18,10,8
2024-02-01,ATG,25,16,9
2024-03-01,ATG,12,6,6
2024-04-01,ATG,14,8,6
2024-05-01,ATG,20,17,3
2024-06-01,ATG,22,10,12
2020-01-01,AUS,51998,28936,23062
2020-02-01,AUS,22818,14122,8696
2020-03-01,AUS,9409,5810,3599
2020-04-01,AUS,9,8,1
2020-05-01,AUS,42,35,7
2020-06-01,AUS,41,26,15
2020-07-01,AUS,172,121,51
2020-08-01,AUS,125,83,42
2020-09-01,AUS,135,102,33
2020-10-01,AUS,101,66,35
2020-11-01,AUS,175,133,42
2020-12-01,AUS,123,81,42
2021-01-01,AUS,152,99,53
2021-02-01,AUS,87,55,32
2021-03-01,AUS,94,75,19
2021-04-01,AUS,113,75,38
2021-05-01,AUS,78,56,22
2021-06-01,AUS,55,42,13
2021-07-01,AUS,99,55,44
2021-08-01,AUS,147,78,69
2021-09-01,AUS,101,67,34
2021-10-01,AUS,125,85,40
2021-11-01,AUS,221,141,80
2021-12-01,AUS,628,406,222
2022-01-01,AUS,973,612,361
2022-02-01,AUS,570,374,196
2022-03-01,AUS,834,553,281
2022-04-01,AUS,7148,4308,2840
2022-05-01,AUS,9469,6077,3392
2022-06-01,AUS,13292,7968,5324
2022-07-01,AUS,18810,11000,7810
2022-08-01,AUS,16843,10140,6703
2022-09-01,AUS,21744,12753,8991
2022-10-01,AUS,24169,14460,9709
2022-11-01,AUS,25521,14900,10621
2022-12-01,AUS,40002,21973,18029
2023-01-01,AUS,43421,23741,19680
2023-02-01,AUS,23413,13849,9564
2023-03-01,AUS,26635,15622,11013
2023-04-01,AUS,33383,18656,14727
2023-05-01,AUS,25757,14882,10875
2023-06-01,AUS,26137,14775,11362
2023-07-01,AUS,39291,22104,17187
2023-08-01,AUS,28940,17042,11898
2023-09-01,AUS,38952,22092,16860
2023-10-01,AUS,33023,19016,14007
2023-11-01,AUS,35471,20739,14732
2023-12-01,AUS,54673,30236,24437
2024-01-01,AUS,50374,27815,22559
2024-02-01,AUS,30128,17585,12543
2024-03-01,AUS,34288,19616,14672
2024-04-01,AUS,32868,18715,14153
2024-05-01,AUS,26870,15870,11000
2024-06-01,AUS,39022,21846,17176
2020-01-01,AUT,1480,960,520
2020-02-01,AUT,1629,979,650
2020-03-01,AUT,609,379,230
2020-04-01,AUT,1,1,0
2020-05-01,AUT,0,0,0
2020-06-01,AUT,0,0,0
2020-07-01,AUT,13,9,4
2020-08-01,AUT,16,10,6
2020-09-01,AUT,11,8,3
2020-10-01,AUT,8,6,2
2020-11-01,AUT,4,4,0
2020-12-01,AUT,5,5,0
2021-01-01,AUT,19,14,5
2021-02-01,AUT,13,13,0
2021-03-01,AUT,7,7,0
2021-04-01,AUT,17,13,4
2021-05-01,AUT,11,10,1
2021-06-01,AUT,8,8,0
2021-07-01,AUT,12,8,4
2021-08-01,AUT,29,19,10
2021-09-01,AUT,33,28,5
2021-10-01,AUT,26,22,4
2021-11-01,AUT,31,23,8
2021-12-01,AUT,21,15,6
2022-01-01,AUT,66,54,12
2022-02-01,AUT,46,39,7
2022-03-01,AUT,84,76,8
2022-04-01,AUT,334,231,103
2022-05-01,AUT,438,310,128
2022-06-01,AUT,444,307,137
2022-07-01,AUT,939,590,349
2022-08-01,AUT,986,611,375
2022-09-01,AUT,833,540,293
2022-10-01,AUT,825,582,243
2022-11-01,AUT,984,645,339
2022-12-01,AUT,1047,635,412
2023-01-01,AUT,1230,739,491
2023-02-01,AUT,1380,814,566
2023-03-01,AUT,1115,715,400
2023-04-01,AUT,978,593,385
2023-05-01,AUT,1070,671,399
2023-06-01,AUT,613,413,200
2023-07-01,AUT,1391,793,598
2023-08-01,AUT,1567,948,619
2023-09-01,AUT,1130,689,441
2023-10-01,AUT,1067,675,392
2023-11-01,AUT,1339,914,425
2023-12-01,AUT,1478,867,611
2024-01-01,AUT,1649,1017,632
2024-02-01,AUT,2166,1272,894
2024-03-01,AUT,1607,956,651
2024-04-01,AUT,1162,708,454
2024-05-01,AUT,1097,693,404
2024-06-01,AUT,797,530,267
2020-01-01,AZE,183,107,76
2020-02-01,AZE,100,60,40
2020-03-01,AZE,28,20,8
2020-04-01,AZE,0,0,0
2020-05-01,AZE,1,1,0
2020-06-01,AZE,0,0,0
2020-07-01,AZE,1,1,0
2020-08-01,AZE,0,0,0
2020-09-01,AZE,2,1,1
2020-10-01,AZE,4,2,2
2020-11-01,AZE,2,2,0
2020-12-01,AZE,1,1,0
2021-01-01,AZE,1,1,0
2021-02-01,AZE,0,0,0
2021-03-01,AZE,4,2,2
2021-04-01,AZE,1,1,0
2021-05-01,AZE,4,3,1
2021-06-01,AZE,1,1,0
2021-07-01,AZE,5,3,2
2021-08-01,AZE,11,5,6
2021-09-01,AZE,2,1,1
2021-10-01,AZE,6,2,4
2021-11-01,AZE,7,6,1
2021-12-01,AZE,1,1,0
2022-01-01,AZE,14,9,5
2022-02-01,AZE,3,3,0
2022-03-01,AZE,12,10,2
2022-04-01,AZE,21,16,5
2022-05-01,AZE,33,20,13
2022-06-01,AZE,42,27,15
2022-07-01,AZE,60,36,24
2022-08-01,AZE,114,54,60
2022-09-01,AZE,68,31,37
2022-10-01,AZE,83,53,30
2022-11-01,AZE,77,47,30
2022-12-01,AZE,118,66,52
2023-01-01,AZE,86,48,38
2023-02-01,AZE,77,48,29
2023-03-01,AZE,243,115,128
2023-04-01,AZE,82,41,41
2023-05-01,AZE,127,77,50
2023-06-01,AZE,98,69,29
2023-07-01,AZE,166,92,74
2023-08-01,AZE,139,74,65
2023-09-01,AZE,157,95,62
2023-10-01,AZE,136,72,64
2023-11-01,AZE,165,91,74
2023-12-01,AZE,236,116,120
2024-01-01,AZE,204,118,86
2024-02-01,AZE,141,78,63
2024-03-01,AZE,397,179,218
2024-04-01,AZE,165,101,64
2024-05-01,AZE,81,41,40
2024-06-01,AZE,221,107,114
2020-01-01,BDI,2,2,0
2020-02-01,BDI,1,0,1
2020-03-01,BDI,1,1,0
2020-04-01,BDI,0,0,0
2020-05-01,BDI,0,0,0
2020-06-01,BDI,0,0,0
2020-07-01,BDI,0,0,0
2020-08-01,BDI,0,0,0
2020-09-01,BDI,0,0,0
2020-10-01,BDI,0,0,0
2020-11-01,BDI,0,0,0
2020-12-01,BDI,0,0,0
2021-01-01,BDI,0,0,0
2021-02-01,BDI,0,0,0
2021-03-01,BDI,1,1,0
2021-04-01,BDI,3,1,2
2021-05-01,BDI,5,2,3
2021-06-01,BDI,0,0,0
2021-07-01,BDI,1,0,1
2021-08-01,BDI,2,1,1
2021-09-01,BDI,0,0,0
2021-10-01,BDI,0,0,0
2021-11-01,BDI,0,0,0
2021-12-01,BDI,0,0,0
2022-01-01,BDI,2,2,0
2022-02-01,BDI,1,1,0
2022-03-01,BDI,0,0,0
2022-04-01,BDI,6,3,3
2022-05-01,BDI,0,0,0
2022-06-01,BDI,0,0,0
2022-07-01,BDI,2,1,1
2022-08-01,BDI,4,2,2
2022-09-01,BDI,2,1,1
2022-10-01,BDI,7,5,2
2022-11-01,BDI,6,4,2
2022-12-01,BDI,1,0,1
2023-01-01,BDI,10,5,5
2023-02-01,BDI,3,2,1
2023-03-01,BDI,4,1,3
2023-04-01,BDI,5,3,2
2023-05-01,BDI,2,1,1
2023-06-01,BDI,8,3,5
2023-07-01,BDI,3,2,1
2023-08-01,BDI,3,1,2
2023-09-01,BDI,32,9,23
2023-10-01,BDI,1,0,1
2023-11-01,BDI,3,1,2
2023-12-01,BDI,8,4,4
2024-01-01,BDI,10,9,1
2024-02-01,BDI,4,0,4
2024-03-01,BDI,5,5,0
2024-04-01,BDI,4,2,2
2024-05-01,BDI,3,3,0
2024-06-01,BDI,2,1,1
2020-01-01,BEL,1779,1153,626
2020-02-01,BEL,1760,1148,612
2020-03-01,BEL,854,553,301
2020-04-01,BEL,7,6,1
2020-05-01,BEL,1,0,1
2020-06-01,BEL,0,0,0
2020-07-01,BEL,12,10,2
2020-08-01,BEL,9,9,0
2020-09-01,BEL,21,17,4
2020-10-01,BEL,21,14,7
2020-11-01,BEL,13,11,2
2020-12-01,BEL,14,9,5
2021-01-01,BEL,21,14,7
2021-02-01,BEL,13,9,4
2021-03-01,BEL,22,20,2
2021-04-01,BEL,10,7,3
2021-05-01,BEL,7,4,3
2021-06-01,BEL,5,3,2
2021-07-01,BEL,17,13,4
2021-08-01,BEL,20,12,8
2021-09-01,BEL,28,14,14
2021-10-01,BEL,22,16,6
2021-11-01,BEL,25,21,4
2021-12-01,BEL,60,50,10
2022-01-01,BEL,65,43,22
2022-02-01,BEL,53,38,15
2022-03-01,BEL,85,60,25
2022-04-01,BEL,327,223,104
2022-05-01,BEL,545,395,150
2022-06-01,BEL,673,465,208
2022-07-01,BEL,1547,879,668
2022-08-01,BEL,1376,802,574
2022-09-01,BEL,1295,798,497
2022-10-01,BEL,1198,758,440
2022-11-01,BEL,1057,717,340
2022-12-01,BEL,925,606,319
2023-01-01,BEL,1130,730,400
2023-02-01,BEL,1475,928,547
2023-03-01,BEL,1427,906,521
2023-04-01,BEL,1441,870,571
2023-05-01,BEL,1454,880,574
2023-06-01,BEL,1182,720,462
2023-07-01,BEL,3365,1825,1540
2023-08-01,BEL,2337,1268,1069
2023-09-01,BEL,2208,1227,981
2023-10-01,BEL,1693,1046,647
2023-11-01,BEL,1667,1108,559
2023-12-01,BEL,1641,1024,617
2024-01-01,BEL,2060,1202,858
2024-02-01,BEL,2129,1281,848
2024-03-01,BEL,2179,1293,886
2024-04-01,BEL,1953,1146,807
2024-05-01,BEL,1990,1148,842
2024-06-01,BEL,2361,1361,1000
2020-01-01,BEN,7,6,1
2020-02-01,BEN,7,3,4
2020-03-01,BEN,1,1,0
2020-04-01,BEN,0,0,0
2020-05-01,BEN,0,0,0
2020-06-01,BEN,0,0,0
2020-07-01,BEN,0,0,0
2020-08-01,BEN,0,0,0
2020-09-01,BEN,0,0,0
2020-10-01,BEN,0,0,0
2020-11-01,BEN,0,0,0
2020-12-01,BEN,1,0,1
2021-01-01,BEN,0,0,0
2021-02-01,BEN,0,0,0
2021-03-01,BEN,0,0,0
2021-04-01,BEN,1,1,0
2021-05-01,BEN,0,0,0
2021-06-01,BEN,0,0,0
2021-07-01,BEN,0,0,0
2021-08-01,BEN,0,0,0
2021-09-01,BEN,0,0,0
2021-10-01,BEN,0,0,0
2021-11-01,BEN,0,0,0
2021-12-01,BEN,1,1,0
2022-01-01,BEN,1,1,0
2022-02-01,BEN,1,1,0
2022-03-01,BEN,1,0,1
2022-04-01,BEN,1,1,0
2022-05-01,BEN,0,0,0
2022-06-01,BEN,1,1,0
2022-07-01,BEN,6,5,1
2022-08-01,BEN,6,5,1
2022-09-01,BEN,9,6,3
2022-10-01,BEN,19,15,4
2022-11-01,BEN,8,5,3
2022-12-01,BEN,11,7,4
2023-01-01,BEN,10,6,4
2023-02-01,BEN,7,6,1
2023-03-01,BEN,11,9,2
2023-04-01,BEN,11,5,6
2023-05-01,BEN,12,9,3
2023-06-01,BEN,10,8,2
2023-07-01,BEN,23,16,7
2023-08-01,BEN,8,7,1
2023-09-01,BEN,25,19,6
2023-10-01,BEN,11,9,2
2023-11-01,BEN,15,12,3
2023-12-01,BEN,16,8,8
2024-01-01,BEN,15,12,3
2024-02-01,BEN,10,9,1
2024-03-01,BEN,16,10,6
2024-04-01,BEN,12,6,6
2024-05-01,BEN,17,12,5
2024-06-01,BEN,8,6,2
2020-01-01,BFA,5,5,0
2020-02-01,BFA,7,7,0
2020-03-01,BFA,1,1,0
2020-04-01,BFA,0,0,0
2020-05-01,BFA,0,0,0
2020-06-01,BFA,0,0,0
2020-07-01,BFA,0,0,0
2020-08-01,BFA,0,0,0
2020-09-01,BFA,0,0,0
2020-10-01,BFA,0,0,0
2020-11-01,BFA,0,0,0
2020-12-01,BFA,0,0,0
2021-01-01,BFA,0,0,0
2021-02-01,BFA,0,0,0
2021-03-01,BFA,0,0,0
2021-04-01,BFA,0,0,0
2021-05-01,BFA,0,0,0
2021-06-01,BFA,0,0,0
2021-07-01,BFA,0,0,0
2021-08-01,BFA,0,0,0
2021-09-01,BFA,1,0,1
2021-10-01,BFA,0,0,0
2021-11-01,BFA,1,1,0
2021-12-01,BFA,0,0,0
2022-01-01,BFA,2,2,0
2022-02-01,BFA,0,0,0
2022-03-01,BFA,1,1,0
2022-04-01,BFA,0,0,0
2022-05-01,BFA,1,0,1
2022-06-01,BFA,2,1,1
2022-07-01,BFA,4,4,0
2022-08-01,BFA,1,1,0
2022-09-01,BFA,11,10,1
2022-10-01,BFA,15,10,5
2022-11-01,BFA,2,2,0
2022-12-01,BFA,3,3,0
2023-01-01,BFA,7,6,1
2023-02-01,BFA,4,4,0
2023-03-01,BFA,5,5,0
2023-04-01,BFA,1,1,0
2023-05-01,BFA,14,13,1
2023-06-01,BFA,1,1,0
2023-07-01,BFA,7,7,0
2023-08-01,BFA,8,7,1
2023-09-01,BFA,27,23,4
2023-10-01,BFA,7,6,1
2023-11-01,BFA,5,3,2
2023-12-01,BFA,6,6,0
2024-01-01,BFA,9,8,1
2024-02-01,BFA,9,6,3
2024-03-01,BFA,1,0,1
2024-04-01,BFA,6,5,1
2024-05-01,BFA,5,5,0
2024-06-01,BFA,30,27,3
2020-01-01,BGD,26955,23168,3787
2020-02-01,BGD,19668,17360,2308
2020-03-01,BGD,10369,9572,797
2020-04-01,BGD,2,2,0
2020-05-01,BGD,10,9,1
2020-06-01,BGD,39,32,7
2020-07-01,BGD,108,72,36
2020-08-01,BGD,176,137,39
2020-09-01,BGD,151,108,43
2020-10-01,BGD,63,59,4
2020-11-01,BGD,69,59,10
2020-12-01,BGD,60,46,14
2021-01-01,BGD,106,101,5
2021-02-01,BGD,147,105,42
2021-03-01,BGD,307,216,91
2021-04-01,BGD,271,241,30
2021-05-01,BGD,100,80,20
2021-06-01,BGD,3,1,2
2021-07-01,BGD,10,8,2
2021-08-01,BGD,16,10,6
2021-09-01,BGD,34,25,9
2021-10-01,BGD,217,155,62
2021-11-01,BGD,1098,950,148
2021-12-01,BGD,5752,5375,377
2022-01-01,BGD,5393,5006,387
2022-02-01,BGD,5715,5361,354
2022-03-01,BGD,8955,8590,365
2022-04-01,BGD,9123,8498,625
2022-05-01,BGD,13343,12214,1129
2022-06-01,BGD,14915,13774,1141
2022-07-01,BGD,18164,15856,2308
2022-08-01,BGD,26179,23849,2330
2022-09-01,BGD,27085,25154,1931
2022-10-01,BGD,33524,31507,2017
2022-11-01,BGD,36928,35379,1549
2022-12-01,BGD,39820,37510,2310
2023-01-01,BGD,51838,49373,2465
2023-02-01,BGD,59350,57353,1997
2023-03-01,BGD,62977,60931,2046
2023-04-01,BGD,43311,41144,2167
2023-05-01,BGD,48550,46883,1667
2023-06-01,BGD,51768,49777,1991
2023-07-01,BGD,61537,58100,3437
2023-08-01,BGD,75514,72520,2994
2023-09-01,BGD,56346,53837,2509
2023-10-01,BGD,43290,40905,2385
2023-11-01,BGD,38951,36751,2200
2023-12-01,BGD,42113,38816,3297
2024-01-01,BGD,41412,38026,3386
2024-02-01,BGD,31793,29164,2629
2024-03-01,BGD,26625,24490,2135
2024-04-01,BGD,28449,25240,3209
2024-05-01,BGD,67316,65204,2112
2024-06-01,BGD,29387,25185,4202
2020-01-01,BGR,645,339,306
2020-02-01,BGR,487,284,203
2020-03-01,BGR,186,117,69
2020-04-01,BGR,0,0,0
2020-05-01,BGR,0,0,0
2020-06-01,BGR,0,0,0
2020-07-01,BGR,25,25,0
2020-08-01,BGR,3,3,0
2020-09-01,BGR,20,19,1
2020-10-01,BGR,17,16,1
2020-11-01,BGR,9,8,1
2020-12-01,BGR,5,5,0
2021-01-01,BGR,17,15,2
2021-02-01,BGR,18,18,0
2021-03-01,BGR,13,12,1
2021-04-01,BGR,10,9,1
2021-05-01,BGR,17,17,0
2021-06-01,BGR,8,8,0
2021-07-01,BGR,2,2,0
2021-08-01,BGR,14,13,1
2021-09-01,BGR,9,7,2
2021-10-01,BGR,18,15,3
2021-11-01,BGR,15,14,1
2021-12-01,BGR,6,5,1
2022-01-01,BGR,18,16,2
2022-02-01,BGR,17,14,3
2022-03-01,BGR,35,31,4
2022-04-01,BGR,76,51,25
2022-05-01,BGR,101,61,40
2022-06-01,BGR,125,67,58
2022-07-01,BGR,119,68,51
2022-08-01,BGR,199,112,87
2022-09-01,BGR,157,91,66
2022-10-01,BGR,209,133,76
2022-11-01,BGR,231,132,99
2022-12-01,BGR,272,150,122
2023-01-01,BGR,288,173,115
2023-02-01,BGR,341,191,150
2023-03-01,BGR,351,178,173
2023-04-01,BGR,334,179,155
2023-05-01,BGR,253,144,109
2023-06-01,BGR,153,81,72
2023-07-01,BGR,177,95,82
2023-08-01,BGR,249,136,113
2023-09-01,BGR,277,163,114
2023-10-01,BGR,222,122,100
2023-11-01,BGR,473,232,241
2023-12-01,BGR,512,277,235
2024-01-01,BGR,678,359,319
2024-02-01,BGR,600,292,308
2024-03-01,BGR,589,312,277
2024-04-01,BGR,409,219,190
2024-05-01,BGR,317,167,150
2024-06-01,BGR,230,133,97
2020-01-01,BHR,471,272,199
2020-02-01,BHR,94,61,33
2020-03-01,BHR,20,16,4
2020-04-01,BHR,0,0,0
2020-05-01,BHR,0,0,0
2020-06-01,BHR,0,0,0
2020-07-01,BHR,0,0,0
2020-08-01,BHR,1,1,0
2020-09-01,BHR,3,1,2
2020-10-01,BHR,2,1,1
2020-11-01,BHR,2,2,0
2020-12-01,BHR,2,1,1
2021-01-01,BHR,0,0,0
2021-02-01,BHR,1,1,0
2021-03-01,BHR,5,2,3
2021-04-01,BHR,1,0,1
2021-05-01,BHR,2,1,1
2021-06-01,BHR,1,1,0
2021-07-01,BHR,1,1,0
2021-08-01,BHR,0,0,0
2021-09-01,BHR,0,0,0
2021-10-01,BHR,7,5,2
2021-11-01,BHR,4,2,2
2021-12-01,BHR,5,4,1
2022-01-01,BHR,8,7,1
2022-02-01,BHR,4,4,0
2022-03-01,BHR,6,4,2
2022-04-01,BHR,17,13,4
2022-05-01,BHR,87,51,36
2022-06-01,BHR,229,144,85
2022-07-01,BHR,231,109,122
2022-08-01,BHR,283,130,153
2022-09-01,BHR,126,83,43
2022-10-01,BHR,143,90,53
2022-11-01,BHR,96,61,35
2022-12-01,BHR,119,67,52
2023-01-01,BHR,239,142,97
2023-02-01,BHR,118,66,52
2023-03-01,BHR,74,48,26
2023-04-01,BHR,60,38,22
2023-05-01,BHR,126,71,55
2023-06-01,BHR,275,150,125
2023-07-01,BHR,576,280,296
2023-08-01,BHR,608,299,309
2023-09-01,BHR,191,106,85
2023-10-01,BHR,198,139,59
2023-11-01,BHR,149,91,58
2023-12-01,BHR,166,90,76
2024-01-01,BHR,265,140,125
2024-02-01,BHR,153,86,67
2024-03-01,BHR,37,24,13
2024-04-01,BHR,108,63,45
2024-05-01,BHR,107,81,26
2024-06-01,BHR,493,239,254
2020-01-01,BHS,7,3,4
2020-02-01,BHS,5,4,1
2020-03-01,BHS,2,1,1
2020-04-01,BHS,0,0,0
2020-05-01,BHS,0,0,0
2020-06-01,BHS,0,0,0
2020-07-01,BHS,0,0,0
2020-08-01,BHS,0,0,0
2020-09-01,BHS,0,0,0
2020-10-01,BHS,0,0,0
2020-11-01,BHS,0,0,0
2020-12-01,BHS,0,0,0
2021-01-01,BHS,0,0,0
2021-02-01,BHS,0,0,0
2021-03-01,BHS,0,0,0
2021-04-01,BHS,0,0,0
2021-05-01,BHS,0,0,0
2021-06-01,BHS,0,0,0
2021-07-01,BHS,0,0,0
2021-08-01,BHS,0,0,0
2021-09-01,BHS,0,0,0
2021-10-01,BHS,0,0,0
2021-11-01,BHS,0,0,0
2021-12-01,BHS,0,0,0
2022-01-01,BHS,0,0,0
2022-02-01,BHS,0,0,0
2022-03-01,BHS,1,1,0
2022-04-01,BHS,2,0,2
2022-05-01,BHS,3,1,2
2022-06-01,BHS,4,2,2
2022-07-01,BHS,6,2,4
2022-08-01,BHS,13,5,8
2022-09-01,BHS,3,3,0
2022-10-01,BHS,8,4,4
2022-11-01,BHS,6,0,6
2022-12-01,BHS,4,2,2
2023-01-01,BHS,22,10,12
2023-02-01,BHS,8,4,4
2023-03-01,BHS,17,10,7
2023-04-01,BHS,4,2,2
2023-05-01,BHS,10,7,3
2023-06-01,BHS,9,5,4
2023-07-01,BHS,7,5,2
2023-08-01,BHS,3,1,2
2023-09-01,BHS,6,3,3
2023-10-01,BHS,9,4,5
2023-11-01,BHS,2,1,1
2023-12-01,BHS,22,14,8
2024-01-01,BHS,8,4,4
2024-02-01,BHS,11,4,7
2024-03-01,BHS,11,7,4
2024-04-01,BHS,13,7,6
2024-05-01,BHS,10,5,5
2024-06-01,BHS,4,2,2
2020-01-01,BIH,109,59,50
2020-02-01,BIH,82,44,38
2020-03-01,BIH,29,21,8
2020-04-01,BIH,1,1,0
2020-05-01,BIH,0,0,0
2020-06-01,BIH,0,0,0
2020-07-01,BIH,1,1,0
2020-08-01,BIH,2,1,1
2020-09-01,BIH,1,0,1
2020-10-01,BIH,10,6,4
2020-11-01,BIH,3,2,1
2020-12-01,BIH,1,1,0
2021-01-01,BIH,10,7,3
2021-02-01,BIH,1,0,1
2021-03-01,BIH,2,0,2
2021-04-01,BIH,3,2,1
2021-05-01,BIH,2,1,1
2021-06-01,BIH,2,1,1
2021-07-01,BIH,1,1,0
2021-08-01,BIH,12,6,6
2021-09-01,BIH,4,2,2
2021-10-01,BIH,7,4,3
2021-11-01,BIH,2,1,1
2021-12-01,BIH,10,5,5
2022-01-01,BIH,6,5,1
2022-02-01,BIH,11,10,1
2022-03-01,BIH,19,9,10
2022-04-01,BIH,24,13,11
2022-05-01,BIH,28,19,9
2022-06-01,BIH,35,22,13
2022-07-01,BIH,42,26,16
2022-08-01,BIH,69,41,28
2022-09-01,BIH,40,23,17
2022-10-01,BIH,55,33,22
2022-11-01,BIH,37,22,15
2022-12-01,BIH,41,28,13
2023-01-01,BIH,78,45,33
2023-02-01,BIH,69,41,28
2023-03-01,BIH,73,37,36
2023-04-01,BIH,59,33,26
2023-05-01,BIH,63,38,25
2023-06-01,BIH,40,27,13
2023-07-01,BIH,60,30,30
2023-08-01,BIH,52,33,19
2023-09-01,BIH,105,75,30
2023-10-01,BIH,51,30,21
2023-11-01,BIH,75,43,32
2023-12-01,BIH,79,42,37
2024-01-01,BIH,142,83,59
2024-02-01,BIH,90,59,31
2024-03-01,BIH,59,37,22
2024-04-01,BIH,71,41,30
2024-05-01,BIH,99,50,49
2024-06-01,BIH,74,47,27
2020-01-01,BLR,515,235,280
2020-02-01,BLR,504,235,269
2020-03-01,BLR,235,107,128
2020-04-01,BLR,0,0,0
2020-05-01,BLR,0,0,0
2020-06-01,BLR,0,0,0
2020-07-01,BLR,1,1,0
2020-08-01,BLR,1,1,0
2020-09-01,BLR,0,0,0
2020-10-01,BLR,1,0,1
2020-11-01,BLR,2,0,2
2020-12-01,BLR,0,0,0
2021-01-01,BLR,2,1,1
2021-02-01,BLR,0,0,0
2021-03-01,BLR,0,0,0
2021-04-01,BLR,1,1,0
2021-05-01,BLR,1,1,0
2021-06-01,BLR,0,0,0
2021-07-01,BLR,1,1,0
2021-08-01,BLR,0,0,0
2021-09-01,BLR,2,1,1
2021-10-01,BLR,3,1,2
2021-11-01,BLR,0,0,0
2021-12-01,BLR,2,2,0
2022-01-01,BLR,3,3,0
2022-02-01,BLR,6,4,2
2022-03-01,BLR,14,8,6
2022-04-01,BLR,53,26,27
2022-05-01,BLR,79,40,39
2022-06-01,BLR,85,38,47
2022-07-01,BLR,89,44,45
2022-08-01,BLR,116,56,60
2022-09-01,BLR,133,55,78
2022-10-01,BLR,241,112,129
2022-11-01,BLR,256,120,136
2022-12-01,BLR,285,138,147
2023-01-01,BLR,556,256,300
2023-02-01,BLR,513,253,260
2023-03-01,BLR,589,282,307
2023-04-01,BLR,580,284,296
2023-05-01,BLR,391,190,201
2023-06-01,BLR,230,90,140
2023-07-01,BLR,341,163,178
2023-08-01,BLR,282,127,155
2023-09-01,BLR,344,176,168
2023-10-01,BLR,378,173,205
2023-11-01,BLR,468,200,268
2023-12-01,BLR,444,204,240
2024-01-01,BLR,630,296,334
2024-02-01,BLR,700,333,367
2024-03-01,BLR,758,356,402
2024-04-01,BLR,543,240,303
2024-05-01,BLR,389,181,208
2024-06-01,BLR,371,159,212
2020-01-01,BLZ,10,5,5
2020-02-01,BLZ,7,4,3
2020-03-01,BLZ,2,2,0
2020-04-01,BLZ,0,0,0
2020-05-01,BLZ,0,0,0
2020-06-01,BLZ,0,0,0
2020-07-01,BLZ,0,0,0
2020-08-01,BLZ,0,0,0
2020-09-01,BLZ,0,0,0
2020-10-01,BLZ,1,0,1
2020-11-01,BLZ,1,1,0
2020-12-01,BLZ,0,0,0
2021-01-01,BLZ,1,1,0
2021-02-01,BLZ,0,0,0
2021-03-01,BLZ,0,0,0
2021-04-01,BLZ,0,0,0
2021-05-01,BLZ,0,0,0
2021-06-01,BLZ,0,0,0
2021-07-01,BLZ,0,0,0
2021-08-01,BLZ,4,1,3
2021-09-01,BLZ,0,0,0
2021-10-01,BLZ,0,0,0
2021-11-01,BLZ,1,0,1
2021-12-01,BLZ,0,0,0
2022-01-01,BLZ,0,0,0
2022-02-01,BLZ,0,0,0
2022-03-01,BLZ,0,0,0
2022-04-01,BLZ,2,1,1
2022-05-01,BLZ,1,1,0
2022-06-01,BLZ,1,0,1
2022-07-01,BLZ,7,2,5
2022-08-01,BLZ,7,5,2
2022-09-01,BLZ,8,5,3
2022-10-01,BLZ,5,2,3
2022-11-01,BLZ,8,3,5
2022-12-01,BLZ,12,5,7
2023-01-01,BLZ,21,10,11
2023-02-01,BLZ,12,7,5
2023-03-01,BLZ,9,4,5
2023-04-01,BLZ,12,7,5
2023-05-01,BLZ,9,2,7
2023-06-01,BLZ,2,2,0
2023-07-01,BLZ,18,11,7
2023-08-01,BLZ,15,8,7
2023-09-01,BLZ,9,3,6
2023-10-01,BLZ,1,1,0
2023-11-01,BLZ,11,5,6
2023-12-01,BLZ,21,13,8
2024-01-01,BLZ,13,9,4
2024-02-01,BLZ,14,5,9
2024-03-01,BLZ,11,6,5
2024-04-01,BLZ,6,4,2
2024-05-01,BLZ,6,3,3
2024-06-01,BLZ,9,8,1
2020-01-01,BMU,0,0,0
2020-02-01,BMU,0,0,0
2020-03-01,BMU,0,0,0
2020-04-01,BMU,0,0,0
2020-05-01,BMU,0,0,0
2020-06-01,BMU,0,0,0
2020-07-01,BMU,0,0,0
2020-08-01,BMU,0,0,0
2020-09-01,BMU,0,0,0
2020-10-01,BMU,0,0,0
2020-11-01,BMU,0,0,0
2020-12-01,BMU,0,0,0
2021-01-01,BMU,0,0,0
2021-02-01,BMU,0,0,0
2021-03-01,BMU,0,0,0
2021-04-01,BMU,0,0,0
2021-05-01,BMU,0,0,0
2021-06-01,BMU,0,0,0
2021-07-01,BMU,0,0,0
2021-08-01,BMU,0,0,0
2021-09-01,BMU,0,0,0
2021-10-01,BMU,0,0,0
2021-11-01,BMU,0,0,0
2021-12-01,BMU,0,0,0
2022-01-01,BMU,0,0,0
2022-02-01,BMU,0,0,0
2022-03-01,BMU,0,0,0
2022-04-01,BMU,0,0,0
2022-05-01,BMU,0,0,0
2022-06-01,BMU,0,0,0
2022-07-01,BMU,0,0,0
2022-08-01,BMU,0,0,0
2022-09-01,BMU,0,0,0
2022-10-01,BMU,0,0,0
2022-11-01,BMU,0,0,0
2022-12-01,BMU,0,0,0
2023-01-01,BMU,0,0,0
2023-02-01,BMU,0,0,0
2023-03-01,BMU,0,0,0
2023-04-01,BMU,0,0,0
2023-05-01,BMU,0,0,0
2023-06-01,BMU,0,0,0
2023-07-01,BMU,0,0,0
2023-08-01,BMU,1,0,1
2023-09-01,BMU,0,0,0
2023-10-01,BMU,0,0,0
2023-11-01,BMU,0,0,0
2023-12-01,BMU,0,0,0
2024-01-01,BMU,0,0,0
2024-02-01,BMU,0,0,0
2024-03-01,BMU,0,0,0
2024-04-01,BMU,3,0,3
2024-05-01,BMU,0,0,0
2024-06-01,BMU,0,0,0
2020-01-01,BOL,38,17,21
2020-02-01,BOL,22,12,10
2020-03-01,BOL,12,7,5
2020-04-01,BOL,0,0,0
2020-05-01,BOL,0,0,0
2020-06-01,BOL,0,0,0
2020-07-01,BOL,0,0,0
2020-08-01,BOL,0,0,0
2020-09-01,BOL,2,1,1
2020-10-01,BOL,0,0,0
2020-11-01,BOL,0,0,0
2020-12-01,BOL,0,0,0
2021-01-01,BOL,0,0,0
2021-02-01,BOL,0,0,0
2021-03-01,BOL,0,0,0
2021-04-01,BOL,0,0,0
2021-05-01,BOL,0,0,0
2021-06-01,BOL,0,0,0
2021-07-01,BOL,1,0,1
2021-08-01,BOL,0,0,0
2021-09-01,BOL,0,0,0
2021-10-01,BOL,1,1,0
2021-11-01,BOL,0,0,0
2021-12-01,BOL,0,0,0
2022-01-01,BOL,0,0,0
2022-02-01,BOL,1,1,0
2022-03-01,BOL,1,1,0
2022-04-01,BOL,2,1,1
2022-05-01,BOL,25,16,9
2022-06-01,BOL,10,6,4
2022-07-01,BOL,12,8,4
2022-08-01,BOL,19,10,9
2022-09-01,BOL,29,12,17
2022-10-01,BOL,24,14,10
2022-11-01,BOL,32,18,14
2022-12-01,BOL,21,16,5
2023-01-01,BOL,49,30,19
2023-02-01,BOL,16,7,9
2023-03-01,BOL,16,11,5
2023-04-01,BOL,28,17,11
2023-05-01,BOL,41,28,13
2023-06-01,BOL,9,3,6
2023-07-01,BOL,51,30,21
2023-08-01,BOL,40,19,21
2023-09-01,BOL,21,11,10
2023-10-01,BOL,279,140,139
2023-11-01,BOL,44,32,12
2023-12-01,BOL,29,14,15
2024-01-01,BOL,48,29,19
2024-02-01,BOL,17,10,7
2024-03-01,BOL,20,13,7
2024-04-01,BOL,31,15,16
2024-05-01,BOL,27,13,14
2024-06-01,BOL,32,12,20
2020-01-01,BRA,2005,1110,895
2020-02-01,BRA,1405,786,619
2020-03-01,BRA,664,365,299
2020-04-01,BRA,0,0,0
2020-05-01,BRA,12,12,0
2020-06-01,BRA,2,2,0
2020-07-01,BRA,16,13,3
2020-08-01,BRA,7,4,3
2020-09-01,BRA,5,5,0
2020-10-01,BRA,10,8,2
2020-11-01,BRA,5,4,1
2020-12-01,BRA,13,9,4
2021-01-01,BRA,35,25,10
2021-02-01,BRA,42,32,10
2021-03-01,BRA,18,12,6
2021-04-01,BRA,27,13,14
2021-05-01,BRA,20,19,1
2021-06-01,BRA,15,12,3
2021-07-01,BRA,21,13,8
2021-08-01,BRA,20,13,7
2021-09-01,BRA,11,5,6
2021-10-01,BRA,29,19,10
2021-11-01,BRA,32,22,10
2021-12-01,BRA,34,18,16
2022-01-01,BRA,131,77,54
2022-02-01,BRA,63,43,20
2022-03-01,BRA,66,42,24
2022-04-01,BRA,361,202,159
2022-05-01,BRA,570,320,250
2022-06-01,BRA,507,324,183
2022-07-01,BRA,769,429,340
2022-08-01,BRA,890,487,403
2022-09-01,BRA,873,533,340
2022-10-01,BRA,961,563,398
2022-11-01,BRA,866,481,385
2022-12-01,BRA,917,521,396
2023-01-01,BRA,1255,685,570
2023-02-01,BRA,968,552,416
2023-03-01,BRA,1170,691,479
2023-04-01,BRA,1309,706,603
2023-05-01,BRA,1131,659,472
2023-06-01,BRA,815,459,356
2023-07-01,BRA,1268,698,570
2023-08-01,BRA,1304,741,563
2023-09-01,BRA,1339,807,532
2023-10-01,BRA,1378,829,549
2023-11-01,BRA,1481,863,618
2023-12-01,BRA,1721,904,817
2024-01-01,BRA,1915,987,928
2024-02-01,BRA,1475,825,650
2024-03-01,BRA,1677,957,720
2024-04-01,BRA,1519,814,705
2024-05-01,BRA,1381,775,606
2024-06-01,BRA,1353,810,543
2020-01-01,BRB,11,4,7
2020-02-01,BRB,8,2,6
2020-03-01,BRB,1,0,1
2020-04-01,BRB,0,0,0
2020-05-01,BRB,0,0,0
2020-06-01,BRB,0,0,0
2020-07-01,BRB,1,0,1
2020-08-01,BRB,0,0,0
2020-09-01,BRB,0,0,0
2020-10-01,BRB,0,0,0
2020-11-01,BRB,0,0,0
2020-12-01,BRB,0,0,0
2021-01-01,BRB,1,1,0
2021-02-01,BRB,0,0,0
2021-03-01,BRB,0,0,0
2021-04-01,BRB,0,0,0
2021-05-01,BRB,0,0,0
2021-06-01,BRB,0,0,0
2021-07-01,BRB,0,0,0
2021-08-01,BRB,1,0,1
2021-09-01,BRB,1,1,0
2021-10-01,BRB,0,0,0
2021-11-01,BRB,1,1,0
2021-12-01,BRB,1,1,0
2022-01-01,BRB,1,1,0
2022-02-01,BRB,1,0,1
2022-03-01,BRB,2,1,1
2022-04-01,BRB,2,1,1
2022-05-01,BRB,0,0,0
2022-06-01,BRB,3,1,2
2022-07-01,BRB,3,0,3
2022-08-01,BRB,8,5,3
2022-09-01,BRB,7,3,4
2022-10-01,BRB,11,4,7
2022-11-01,BRB,6,5,1
2022-12-01,BRB,7,4,3
2023-01-01,BRB,11,5,6
2023-02-01,BRB,4,2,2
2023-03-01,BRB,3,1,2
2023-04-01,BRB,9,5,4
2023-05-01,BRB,6,3,3
2023-06-01,BRB,15,7,8
2023-07-01,BRB,7,3,4
2023-08-01,BRB,5,3,2
2023-09-01,BRB,9,3,6
2023-10-01,BRB,7,5,2
2023-11-01,BRB,6,5,1
2023-12-01,BRB,7,3,4
2024-01-01,BRB,7,5,2
2024-02-01,BRB,13,4,9
2024-03-01,BRB,6,2,4
2024-04-01,BRB,10,6,4
2024-05-01,BRB,13,5,8
2024-06-01,BRB,16,5,11
2020-01-01,BRN,88501,49581,38920
2020-02-01,BRN,64729,38424,26305
2020-03-01,BRN,31596,19046,12550
2020-04-01,BRN,254,236,18
2020-05-01,BRN,330,322,8
2020-06-01,BRN,465,445,20
2020-07-01,BRN,350,316,34
2020-08-01,BRN,219,193,26
2020-09-01,BRN,396,364,32
2020-10-01,BRN,228,204,24
2020-11-01,BRN,334,320,14
2020-12-01,BRN,386,370,16
2021-01-01,BRN,337,332,5
2021-02-01,BRN,362,352,10
2021-03-01,BRN,451,416,35
2021-04-01,BRN,411,380,31
2021-05-01,BRN,290,272,18
2021-06-01,BRN,316,308,8
2021-07-01,BRN,421,407,14
2021-08-01,BRN,309,297,12
2021-09-01,BRN,272,266,6
2021-10-01,BRN,237,223,14
2021-11-01,BRN,353,331,22
2021-12-01,BRN,403,349,54
2022-01-01,BRN,505,461,44
2022-02-01,BRN,371,327,44
2022-03-01,BRN,522,464,58
2022-04-01,BRN,1247,907,340
2022-05-01,BRN,3094,1912,1182
2022-06-01,BRN,4165,2523,1642
2022-07-01,BRN,10594,5812,4782
2022-08-01,BRN,36953,20382,16571
2022-09-01,BRN,61332,32968,28364
2022-10-01,BRN,64041,34769,29272
2022-11-01,BRN,65540,35421,30119
2022-12-01,BRN,149927,77634,72293
2023-01-01,BRN,93125,50750,42375
2023-02-01,BRN,91480,50119,41361
2023-03-01,BRN,97143,53363,43780
2023-04-01,BRN,122931,65260,57671
2023-05-01,BRN,90639,50916,39723
2023-06-01,BRN,76368,42446,33922
2023-07-01,BRN,85713,46684,39029
2023-08-01,BRN,76670,41679,34991
2023-09-01,BRN,70708,39071,31637
2023-10-01,BRN,64757,36437,28320
2023-11-01,BRN,73474,40784,32690
2023-12-01,BRN,170217,91156,79061
2024-01-01,BRN,125804,68855,56949
2024-02-01,BRN,140506,75168,65338
2024-03-01,BRN,166490,86923,79567
2024-04-01,BRN,168967,89146,79821
2024-05-01,BRN,144782,78157,66625
2024-06-01,BRN,138729,75157,63572
2020-01-01,BTN,77,55,22
2020-02-01,BTN,43,28,15
2020-03-01,BTN,13,9,4
2020-04-01,BTN,0,0,0
2020-05-01,BTN,0,0,0
2020-06-01,BTN,0,0,0
2020-07-01,BTN,0,0,0
2020-08-01,BTN,0,0,0
2020-09-01,BTN,0,0,0
2020-10-01,BTN,1,0,1
2020-11-01,BTN,0,0,0
2020-12-01,BTN,0,0,0
2021-01-01,BTN,0,0,0
2021-02-01,BTN,2,0,2
2021-03-01,BTN,2,2,0
2021-04-01,BTN,0,0,0
2021-05-01,BTN,0,0,0
2021-06-01,BTN,0,0,0
2021-07-01,BTN,0,0,0
2021-08-01,BTN,1,1,0
2021-09-01,BTN,1,1,0
2021-10-01,BTN,0,0,0
2021-11-01,BTN,3,2,1
2021-12-01,BTN,8,7,1
2022-01-01,BTN,2,0,2
2022-02-01,BTN,1,1,0
2022-03-01,BTN,4,3,1
2022-04-01,BTN,3,1,2
2022-05-01,BTN,21,7,14
2022-06-01,BTN,45,26,19
2022-07-01,BTN,43,26,17
2022-08-01,BTN,43,32,11
2022-09-01,BTN,67,39,28
2022-10-01,BTN,23,18,5
2022-11-01,BTN,24,18,6
2022-12-01,BTN,58,28,30
2023-01-01,BTN,31,19,12
2023-02-01,BTN,25,18,7
2023-03-01,BTN,66,52,14
2023-04-01,BTN,25,14,11
2023-05-01,BTN,42,33,9
2023-06-01,BTN,35,22,13
2023-07-01,BTN,74,58,16
2023-08-01,BTN,91,48,43
2023-09-01,BTN,95,56,39
2023-10-01,BTN,58,39,19
2023-11-01,BTN,67,49,18
2023-12-01,BTN,64,48,16
2024-01-01,BTN,56,30,26
2024-02-01,BTN,85,47,38
2024-03-01,BTN,67,49,18
2024-04-01,BTN,54,35,19
2024-05-01,BTN,249,152,97
2024-06-01,BTN,61,45,16
2020-01-01,BVT,0,0,0
2020-02-01,BVT,0,0,0
2020-03-01,BVT,0,0,0
2020-04-01,BVT,0,0,0
2020-05-01,BVT,0,0,0
2020-06-01,BVT,0,0,0
2020-07-01,BVT,0,0,0
2020-08-01,BVT,0,0,0
2020-09-01,BVT,0,0,0
2020-10-01,BVT,0,0,0
2020-11-01,BVT,0,0,0
2020-12-01,BVT,0,0,0
2021-01-01,BVT,0,0,0
2021-02-01,BVT,0,0,0
2021-03-01,BVT,0,0,0
2021-04-01,BVT,0,0,0
2021-05-01,BVT,0,0,0
2021-06-01,BVT,0,0,0
2021-07-01,BVT,0,0,0
2021-08-01,BVT,0,0,0
2021-09-01,BVT,0,0,0
2021-10-01,BVT,0,0,0
2021-11-01,BVT,0,0,0
2021-12-01,BVT,0,0,0
2022-01-01,BVT,0,0,0
2022-02-01,BVT,0,0,0
2022-03-01,BVT,0,0,0
2022-04-01,BVT,0,0,0
2022-05-01,BVT,0,0,0
2022-06-01,BVT,0,0,0
2022-07-01,BVT,0,0,0
2022-08-01,BVT,0,0,0
2022-09-01,BVT,0,0,0
2022-10-01,BVT,0,0,0
2022-11-01,BVT,0,0,0
2022-12-01,BVT,0,0,0
2023-01-01,BVT,0,0,0
2023-02-01,BVT,0,0,0
2023-03-01,BVT,0,0,0
2023-04-01,BVT,0,0,0
2023-05-01,BVT,0,0,0
2023-06-01,BVT,0,0,0
2023-07-01,BVT,0,0,0
2023-08-01,BVT,0,0,0
2023-09-01,BVT,0,0,0
2023-10-01,BVT,0,0,0
2023-11-01,BVT,0,0,0
2023-12-01,BVT,1,0,1
2024-01-01,BVT,0,0,0
2024-02-01,BVT,0,0,0
2024-03-01,BVT,0,0,0
2024-04-01,BVT,0,0,0
2024-05-01,BVT,0,0,0
2024-06-01,BVT,0,0,0
2020-01-01,BWA,29,14,15
2020-02-01,BWA,20,9,11
2020-03-01,BWA,6,2,4
2020-04-01,BWA,0,0,0
2020-05-01,BWA,0,0,0
2020-06-01,BWA,0,0,0
2020-07-01,BWA,0,0,0
2020-08-01,BWA,0,0,0
2020-09-01,BWA,0,0,0
2020-10-01,BWA,0,0,0
2020-11-01,BWA,0,0,0
2020-12-01,BWA,0,0,0
2021-01-01,BWA,0,0,0
2021-02-01,BWA,0,0,0
2021-03-01,BWA,0,0,0
2021-04-01,BWA,0,0,0
2021-05-01,BWA,2,1,1
2021-06-01,BWA,0,0,0
2021-07-01,BWA,0,0,0
2021-08-01,BWA,2,2,0
2021-09-01,BWA,0,0,0
2021-10-01,BWA,5,3,2
2021-11-01,BWA,0,0,0
2021-12-01,BWA,0,0,0
2022-01-01,BWA,3,1,2
2022-02-01,BWA,4,3,1
2022-03-01,BWA,2,1,1
2022-04-01,BWA,4,1,3
2022-05-01,BWA,22,14,8
2022-06-01,BWA,11,9,2
2022-07-01,BWA,13,5,8
2022-08-01,BWA,11,4,7
2022-09-01,BWA,6,1,5
2022-10-01,BWA,23,13,10
2022-11-01,BWA,5,3,2
2022-12-01,BWA,20,10,10
2023-01-01,BWA,18,8,10
2023-02-01,BWA,12,2,10
2023-03-01,BWA,13,8,5
2023-04-01,BWA,15,6,9
2023-05-01,BWA,12,5,7
2023-06-01,BWA,17,12,5
2023-07-01,BWA,8,3,5
2023-08-01,BWA,15,6,9
2023-09-01,BWA,74,22,52
2023-10-01,BWA,16,6,10
2023-11-01,BWA,14,8,6
2023-12-01,BWA,16,6,10
2024-01-01,BWA,19,10,9
2024-02-01,BWA,17,8,9
2024-03-01,BWA,25,11,14
2024-04-01,BWA,13,4,9
2024-05-01,BWA,7,5,2
2024-06-01,BWA,19,7,12
2020-01-01,CAF,0,0,0
2020-02-01,CAF,1,1,0
2020-03-01,CAF,0,0,0
2020-04-01,CAF,0,0,0
2020-05-01,CAF,0,0,0
2020-06-01,CAF,0,0,0
2020-07-01,CAF,0,0,0
2020-08-01,CAF,0,0,0
2020-09-01,CAF,0,0,0
2020-10-01,CAF,0,0,0
2020-11-01,CAF,0,0,0
2020-12-01,CAF,0,0,0
2021-01-01,CAF,0,0,0
2021-02-01,CAF,0,0,0
2021-03-01,CAF,0,0,0
2021-04-01,CAF,0,0,0
2021-05-01,CAF,1,1,0
2021-06-01,CAF,0,0,0
2021-07-01,CAF,0,0,0
2021-08-01,CAF,0,0,0
2021-09-01,CAF,0,0,0
2021-10-01,CAF,0,0,0
2021-11-01,CAF,1,1,0
2021-12-01,CAF,0,0,0
2022-01-01,CAF,0,0,0
2022-02-01,CAF,0,0,0
2022-03-01,CAF,0,0,0
2022-04-01,CAF,0,0,0
2022-05-01,CAF,0,0,0
2022-06-01,CAF,1,1,0
2022-07-01,CAF,0,0,0
2022-08-01,CAF,0,0,0
2022-09-01,CAF,0,0,0
2022-10-01,CAF,0,0,0
2022-11-01,CAF,0,0,0
2022-12-01,CAF,0,0,0
2023-01-01,CAF,0,0,0
2023-02-01,CAF,0,0,0
2023-03-01,CAF,0,0,0
2023-04-01,CAF,0,0,0
2023-05-01,CAF,1,1,0
2023-06-01,CAF,0,0,0
2023-07-01,CAF,0,0,0
2023-08-01,CAF,4,3,1
2023-09-01,CAF,2,0,2
2023-10-01,CAF,1,0,1
2023-11-01,CAF,0,0,0
2023-12-01,CAF,0,0,0
2024-01-01,CAF,0,0,0
2024-02-01,CAF,0,0,0
2024-03-01,CAF,1,1,0
2024-04-01,CAF,0,0,0
2024-05-01,CAF,0,0,0
2024-06-01,CAF,0,0,0
2020-01-01,CAN,9478,5358,4120
2020-02-01,CAN,6993,4176,2817
2020-03-01,CAN,2777,1657,1120
2020-04-01,CAN,2,2,0
2020-05-01,CAN,20,18,2
2020-06-01,CAN,15,13,2
2020-07-01,CAN,37,27,10
2020-08-01,CAN,52,29,23
2020-09-01,CAN,70,47,23
2020-10-01,CAN,43,28,15
2020-11-01,CAN,52,35,17
2020-12-01,CAN,35,23,12
2021-01-01,CAN,83,55,28
2021-02-01,CAN,32,25,7
2021-03-01,CAN,37,27,10
2021-04-01,CAN,36,29,7
2021-05-01,CAN,28,20,8
2021-06-01,CAN,29,19,10
2021-07-01,CAN,81,47,34
2021-08-01,CAN,80,42,38
2021-09-01,CAN,59,46,13
2021-10-01,CAN,68,50,18
2021-11-01,CAN,85,48,37
2021-12-01,CAN,186,119,67
2022-01-01,CAN,260,157,103
2022-02-01,CAN,165,119,46
2022-03-01,CAN,275,178,97
2022-04-01,CAN,1609,1001,608
2022-05-01,CAN,2341,1440,901
2022-06-01,CAN,2639,1596,1043
2022-07-01,CAN,3688,2155,1533
2022-08-01,CAN,4214,2442,1772
2022-09-01,CAN,4172,2578,1594
2022-10-01,CAN,5409,3238,2171
2022-11-01,CAN,5730,3388,2342
2022-12-01,CAN,5908,3381,2527
2023-01-01,CAN,7314,4153,3161
2023-02-01,CAN,7559,4299,3260
2023-03-01,CAN,7932,4527,3405
2023-04-01,CAN,6667,3677,2990
2023-05-01,CAN,6642,3696,2946
2023-06-01,CAN,4434,2516,1918
2023-07-01,CAN,7138,4006,3132
2023-08-01,CAN,6686,3810,2876
2023-09-01,CAN,6035,3558,2477
2023-10-01,CAN,7096,4054,3042
2023-11-01,CAN,7788,4430,3358
2023-12-01,CAN,9477,5170,4307
2024-01-01,CAN,9514,5336,4178
2024-02-01,CAN,9897,5470,4427
2024-03-01,CAN,9840,5469,4371
2024-04-01,CAN,7907,4413,3494
2024-05-01,CAN,6979,3936,3043
2024-06-01,CAN,6424,3670,2754
2020-01-01,CCK,0,0,0
2020-02-01,CCK,0,0,0
2020-03-01,CCK,0,0,0
2020-04-01,CCK,0,0,0
2020-05-01,CCK,0,0,0
2020-06-01,CCK,0,0,0
2020-07-01,CCK,0,0,0
2020-08-01,CCK,0,0,0
2020-09-01,CCK,0,0,0
2020-10-01,CCK,0,0,0
2020-11-01,CCK,0,0,0
2020-12-01,CCK,0,0,0
2021-01-01,CCK,0,0,0
2021-02-01,CCK,0,0,0
2021-03-01,CCK,0,0,0
2021-04-01,CCK,0,0,0
2021-05-01,CCK,0,0,0
2021-06-01,CCK,0,0,0
2021-07-01,CCK,0,0,0
2021-08-01,CCK,0,0,0
2021-09-01,CCK,0,0,0
2021-10-01,CCK,0,0,0
2021-11-01,CCK,0,0,0
2021-12-01,CCK,0,0,0
2022-01-01,CCK,0,0,0
2022-02-01,CCK,0,0,0
2022-03-01,CCK,0,0,0
2022-04-01,CCK,0,0,0
2022-05-01,CCK,0,0,0
2022-06-01,CCK,0,0,0
2022-07-01,CCK,0,0,0
2022-08-01,CCK,0,0,0
2022-09-01,CCK,0,0,0
2022-10-01,CCK,0,0,0
2022-11-01,CCK,1,1,0
2022-12-01,CCK,1,1,0
2023-01-01,CCK,0,0,0
2023-02-01,CCK,0,0,0
2023-03-01,CCK,0,0,0
2023-04-01,CCK,0,0,0
2023-05-01,CCK,0,0,0
2023-06-01,CCK,0,0,0
2023-07-01,CCK,0,0,0
2023-08-01,CCK,0,0,0
2023-09-01,CCK,0,0,0
2023-10-01,CCK,0,0,0
2023-11-01,CCK,0,0,0
2023-12-01,CCK,0,0,0
2024-01-01,CCK,0,0,0
2024-02-01,CCK,0,0,0
2024-03-01,CCK,0,0,0
2024-04-01,CCK,0,0,0
2024-05-01,CCK,1,0,1
2024-06-01,CCK,0,0,0
2020-01-01,CHE,2446,1505,941
2020-02-01,CHE,2419,1436,983
2020-03-01,CHE,1082,623,459
2020-04-01,CHE,1,1,0
2020-05-01,CHE,1,1,0
2020-06-01,CHE,3,3,0
2020-07-01,CHE,18,14,4
2020-08-01,CHE,10,8,2
2020-09-01,CHE,17,14,3
2020-10-01,CHE,23,14,9
2020-11-01,CHE,16,11,5
2020-12-01,CHE,7,4,3
2021-01-01,CHE,16,7,9
2021-02-01,CHE,9,5,4
2021-03-01,CHE,20,11,9
2021-04-01,CHE,21,17,4
2021-05-01,CHE,11,10,1
2021-06-01,CHE,12,9,3
2021-07-01,CHE,10,6,4
2021-08-01,CHE,19,16,3
2021-09-01,CHE,23,17,6
2021-10-01,CHE,43,27,16
2021-11-01,CHE,31,17,14
2021-12-01,CHE,74,51,23
2022-01-01,CHE,118,72,46
2022-02-01,CHE,60,44,16
2022-03-01,CHE,89,70,19
2022-04-01,CHE,569,366,203
2022-05-01,CHE,773,516,257
2022-06-01,CHE,865,554,311
2022-07-01,CHE,1885,1080,805
2022-08-01,CHE,1560,951,609
2022-09-01,CHE,1285,804,481
2022-10-01,CHE,1778,1082,696
2022-11-01,CHE,1627,1063,564
2022-12-01,CHE,1593,974,619
2023-01-01,CHE,1893,1115,778
2023-02-01,CHE,2109,1227,882
2023-03-01,CHE,2145,1290,855
2023-04-01,CHE,2210,1297,913
2023-05-01,CHE,1787,1084,703
2023-06-01,CHE,1311,790,521
2023-07-01,CHE,3816,2069,1747
2023-08-01,CHE,2403,1388,1015
2023-09-01,CHE,1972,1207,765
2023-10-01,CHE,2126,1284,842
2023-11-01,CHE,2177,1309,868
2023-12-01,CHE,2644,1532,1112
2024-01-01,CHE,2795,1655,1140
2024-02-01,CHE,2919,1672,1247
2024-03-01,CHE,2948,1705,1243
2024-04-01,CHE,2678,1505,1173
2024-05-01,CHE,2018,1254,764
2024-06-01,CHE,1988,1181,807
2020-01-01,CHL,506,256,250
2020-02-01,CHL,592,279,313
2020-03-01,CHL,212,103,109
2020-04-01,CHL,0,0,0
2020-05-01,CHL,0,0,0
2020-06-01,CHL,0,0,0
2020-07-01,CHL,0,0,0
2020-08-01,CHL,2,1,1
2020-09-01,CHL,1,0,1
2020-10-01,CHL,4,4,0
2020-11-01,CHL,0,0,0
2020-12-01,CHL,1,1,0
2021-01-01,CHL,1,1,0
2021-02-01,CHL,2,1,1
2021-03-01,CHL,0,0,0
2021-04-01,CHL,1,0,1
2021-05-01,CHL,1,0,1
2021-06-01,CHL,0,0,0
2021-07-01,CHL,1,1,0
2021-08-01,CHL,4,2,2
2021-09-01,CHL,1,1,0
2021-10-01,CHL,15,9,6
2021-11-01,CHL,2,0,2
2021-12-01,CHL,9,6,3
2022-01-01,CHL,18,6,12
2022-02-01,CHL,3,1,2
2022-03-01,CHL,9,6,3
2022-04-01,CHL,46,35,11
2022-05-01,CHL,95,52,43
2022-06-01,CHL,132,67,65
2022-07-01,CHL,144,81,63
2022-08-01,CHL,152,85,67
2022-09-01,CHL,146,77,69
2022-10-01,CHL,186,109,77
2022-11-01,CHL,168,104,64
2022-12-01,CHL,152,82,70
2023-01-01,CHL,242,126,116
2023-02-01,CHL,330,154,176
2023-03-01,CHL,247,135,112
2023-04-01,CHL,253,123,130
2023-05-01,CHL,269,145,124
2023-06-01,CHL,190,105,85
2023-07-01,CHL,268,144,124
2023-08-01,CHL,373,194,179
2023-09-01,CHL,312,160,152
2023-10-01,CHL,310,157,153
2023-11-01,CHL,375,197,178
2023-12-01,CHL,341,164,177
2024-01-01,CHL,530,255,275
2024-02-01,CHL,619,295,324
2024-03-01,CHL,476,216,260
2024-04-01,CHL,389,194,195
2024-05-01,CHL,360,193,167
2024-06-01,CHL,407,221,186
2020-01-01,CHN,285958,127396,158562
2020-02-01,CHN,70865,38838,32027
2020-03-01,CHN,31765,18522,13243
2020-04-01,CHN,60,28,32
2020-05-01,CHN,23,11,12
2020-06-01,CHN,196,135,61
2020-07-01,CHN,505,330,175
2020-08-01,CHN,621,436,185
2020-09-01,CHN,864,600,264
2020-10-01,CHN,1289,997,292
2020-11-01,CHN,1633,1305,328
2020-12-01,CHN,1034,847,187
2021-01-01,CHN,1106,942,164
2021-02-01,CHN,854,687,167
2021-03-01,CHN,1887,1581,306
2021-04-01,CHN,1675,1278,397
2021-05-01,CHN,1501,1246,255
2021-06-01,CHN,812,695,117
2021-07-01,CHN,873,731,142
2021-08-01,CHN,806,690,116
2021-09-01,CHN,1084,889,195
2021-10-01,CHN,1196,928,268
2021-11-01,CHN,1377,1081,296
2021-12-01,CHN,2384,1603,781
2022-01-01,CHN,2052,1303,749
2022-02-01,CHN,3185,2266,919
2022-03-01,CHN,3412,2497,915
2022-04-01,CHN,9545,5507,4038
2022-05-01,CHN,16335,8441,7894
2022-06-01,CHN,22784,10796,11988
2022-07-01,CHN,30250,14431,15819
2022-08-01,CHN,32301,15539,16762
2022-09-01,CHN,37902,18278,19624
2022-10-01,CHN,41187,19971,21216
2022-11-01,CHN,41360,20527,20833
2022-12-01,CHN,53998,24987,29011
2023-01-01,CHN,57290,26843,30447
2023-02-01,CHN,64892,34877,30015
2023-03-01,CHN,102774,52550,50224
2023-04-01,CHN,124583,61358,63225
2023-05-01,CHN,133136,66557,66579
2023-06-01,CHN,109815,52978,56837
2023-07-01,CHN,212546,97979,114567
2023-08-01,CHN,205942,97565,108377
2023-09-01,CHN,171971,82344,89627
2023-10-01,CHN,158682,77210,81472
2023-11-01,CHN,140694,72038,68656
2023-12-01,CHN,179394,88490,90904
2024-01-01,CHN,228900,108023,120877
2024-02-01,CHN,342003,158803,183200
2024-03-01,CHN,262826,124687,138139
2024-04-01,CHN,228426,107719,120707
2024-05-01,CHN,269256,128662,140594
2024-06-01,CHN,310204,143181,167023
2020-01-01,CIV,38,29,9
2020-02-01,CIV,12,6,6
2020-03-01,CIV,6,6,0
2020-04-01,CIV,0,0,0
2020-05-01,CIV,0,0,0
2020-06-01,CIV,0,0,0
2020-07-01,CIV,0,0,0
2020-08-01,CIV,0,0,0
2020-09-01,CIV,1,1,0
2020-10-01,CIV,0,0,0
2020-11-01,CIV,0,0,0
2020-12-01,CIV,2,2,0
2021-01-01,CIV,1,1,0
2021-02-01,CIV,0,0,0
2021-03-01,CIV,2,1,1
2021-04-01,CIV,0,0,0
2021-05-01,CIV,2,2,0
2021-06-01,CIV,1,0,1
2021-07-01,CIV,3,3,0
2021-08-01,CIV,0,0,0
2021-09-01,CIV,0,0,0
2021-10-01,CIV,1,0,1
2021-11-01,CIV,0,0,0
2021-12-01,CIV,2,2,0
2022-01-01,CIV,2,1,1
2022-02-01,CIV,8,7,1
2022-03-01,CIV,0,0,0
2022-04-01,CIV,3,0,3
2022-05-01,CIV,8,5,3
2022-06-01,CIV,7,2,5
2022-07-01,CIV,17,11,6
2022-08-01,CIV,19,10,9
2022-09-01,CIV,32,27,5
2022-10-01,CIV,58,42,16
2022-11-01,CIV,17,14,3
2022-12-01,CIV,11,9,2
2023-01-01,CIV,8,6,2
2023-02-01,CIV,27,21,6
2023-03-01,CIV,13,8,5
2023-04-01,CIV,12,6,6
2023-05-01,CIV,37,28,9
2023-06-01,CIV,17,13,4
2023-07-01,CIV,15,11,4
2023-08-01,CIV,44,33,11
2023-09-01,CIV,67,53,14
2023-10-01,CIV,18,13,5
2023-11-01,CIV,40,24,16
2023-12-01,CIV,8,4,4
2024-01-01,CIV,18,14,4
2024-02-01,CIV,34,24,10
2024-03-01,CIV,13,6,7
2024-04-01,CIV,26,15,11
2024-05-01,CIV,30,18,12
2024-06-01,CIV,5,4,1
2020-01-01,CMR,37,27,10
2020-02-01,CMR,31,21,10
2020-03-01,CMR,14,9,5
2020-04-01,CMR,0,0,0
2020-05-01,CMR,0,0,0
2020-06-01,CMR,0,0,0
2020-07-01,CMR,0,0,0
2020-08-01,CMR,1,0,1
2020-09-01,CMR,0,0,0
2020-10-01,CMR,0,0,0
2020-11-01,CMR,0,0,0
2020-12-01,CMR,0,0,0
2021-01-01,CMR,2,1,1
2021-02-01,CMR,2,2,0
2021-03-01,CMR,3,3,0
2021-04-01,CMR,3,1,2
2021-05-01,CMR,1,1,0
2021-06-01,CMR,0,0,0
2021-07-01,CMR,2,1,1
2021-08-01,CMR,3,2,1
2021-09-01,CMR,3,1,2
2021-10-01,CMR,5,3,2
2021-11-01,CMR,1,1,0
2021-12-01,CMR,0,0,0
2022-01-01,CMR,4,2,2
2022-02-01,CMR,1,0,1
2022-03-01,CMR,6,6,0
2022-04-01,CMR,8,6,2
2022-05-01,CMR,9,5,4
2022-06-01,CMR,12,11,1
2022-07-01,CMR,20,17,3
2022-08-01,CMR,22,12,10
2022-09-01,CMR,18,15,3
2022-10-01,CMR,55,30,25
2022-11-01,CMR,20,16,4
2022-12-01,CMR,16,14,2
2023-01-01,CMR,23,18,5
2023-02-01,CMR,16,11,5
2023-03-01,CMR,26,19,7
2023-04-01,CMR,19,16,3
2023-05-01,CMR,33,22,11
2023-06-01,CMR,22,18,4
2023-07-01,CMR,26,16,10
2023-08-01,CMR,36,20,16
2023-09-01,CMR,80,64,16
2023-10-01,CMR,29,24,5
2023-11-01,CMR,28,14,14
2023-12-01,CMR,22,15,7
2024-01-01,CMR,30,22,8
2024-02-01,CMR,24,17,7
2024-03-01,CMR,28,16,12
2024-04-01,CMR,39,16,23
2024-05-01,CMR,37,23,14
2024-06-01,CMR,27,21,6
2020-01-01,COD,9,4,5
2020-02-01,COD,10,9,1
2020-03-01,COD,11,6,5
2020-04-01,COD,0,0,0
2020-05-01,COD,0,0,0
2020-06-01,COD,0,0,0
2020-07-01,COD,0,0,0
2020-08-01,COD,1,1,0
2020-09-01,COD,0,0,0
2020-10-01,COD,1,0,1
2020-11-01,COD,0,0,0
2020-12-01,COD,0,0,0
2021-01-01,COD,0,0,0
2021-02-01,COD,0,0,0
2021-03-01,COD,1,1,0
2021-04-01,COD,4,3,1
2021-05-01,COD,1,1,0
2021-06-01,COD,0,0,0
2021-07-01,COD,1,1,0
2021-08-01,COD,1,1,0
2021-09-01,COD,0,0,0
2021-10-01,COD,6,3,3
2021-11-01,COD,0,0,0
2021-12-01,COD,1,0,1
2022-01-01,COD,2,2,0
2022-02-01,COD,2,1,1
2022-03-01,COD,2,1,1
2022-04-01,COD,2,2,0
2022-05-01,COD,6,5,1
2022-06-01,COD,9,5,4
2022-07-01,COD,6,1,5
2022-08-01,COD,14,10,4
2022-09-01,COD,15,13,2
2022-10-01,COD,5,5,0
2022-11-01,COD,2,2,0
2022-12-01,COD,4,3,1
2023-01-01,COD,14,9,5
2023-02-01,COD,6,6,0
2023-03-01,COD,14,12,2
2023-04-01,COD,8,7,1
2023-05-01,COD,16,12,4
2023-06-01,COD,17,14,3
2023-07-01,COD,15,11,4
2023-08-01,COD,16,10,6
2023-09-01,COD,19,13,6
2023-10-01,COD,16,13,3
2023-11-01,COD,13,9,4
2023-12-01,COD,17,9,8
2024-01-01,COD,30,18,12
2024-02-01,COD,19,15,4
2024-03-01,COD,24,22,2
2024-04-01,COD,34,16,18
2024-05-01,COD,16,12,4
2024-06-01,COD,20,16,4
2020-01-01,COG,3,3,0
2020-02-01,COG,3,1,2
2020-03-01,COG,1,0,1
2020-04-01,COG,0,0,0
2020-05-01,COG,0,0,0
2020-06-01,COG,0,0,0
2020-07-01,COG,0,0,0
2020-08-01,COG,0,0,0
2020-09-01,COG,0,0,0
2020-10-01,COG,0,0,0
2020-11-01,COG,0,0,0
2020-12-01,COG,0,0,0
2021-01-01,COG,0,0,0
2021-02-01,COG,0,0,0
2021-03-01,COG,0,0,0
2021-04-01,COG,0,0,0
2021-05-01,COG,0,0,0
2021-06-01,COG,0,0,0
2021-07-01,COG,0,0,0
2021-08-01,COG,0,0,0
2021-09-01,COG,0,0,0
2021-10-01,COG,1,1,0
2021-11-01,COG,0,0,0
2021-12-01,COG,0,0,0
2022-01-01,COG,0,0,0
2022-02-01,COG,0,0,0
2022-03-01,COG,0,0,0
2022-04-01,COG,1,1,0
2022-05-01,COG,0,0,0
2022-06-01,COG,2,2,0
2022-07-01,COG,0,0,0
2022-08-01,COG,0,0,0
2022-09-01,COG,1,1,0
2022-10-01,COG,1,1,0
2022-11-01,COG,6,3,3
2022-12-01,COG,5,5,0
2023-01-01,COG,0,0,0
2023-02-01,COG,2,2,0
2023-03-01,COG,0,0,0
2023-04-01,COG,0,0,0
2023-05-01,COG,0,0,0
2023-06-01,COG,1,0,1
2023-07-01,COG,8,6,2
2023-08-01,COG,4,2,2
2023-09-01,COG,18,11,7
2023-10-01,COG,17,14,3
2023-11-01,COG,1,0,1
2023-12-01,COG,4,4,0
2024-01-01,COG,4,3,1
2024-02-01,COG,6,5,1
2024-03-01,COG,0,0,0
2024-04-01,COG,1,0,1
2024-05-01,COG,5,4,1
2024-06-01,COG,1,1,0
2020-01-01,COK,0,0,0
2020-02-01,COK,0,0,0
2020-03-01,COK,0,0,0
2020-04-01,COK,0,0,0
2020-05-01,COK,0,0,0
2020-06-01,COK,0,0,0
2020-07-01,COK,0,0,0
2020-08-01,COK,0,0,0
2020-09-01,COK,0,0,0
2020-10-01,COK,0,0,0
2020-11-01,COK,0,0,0
2020-12-01,COK,0,0,0
2021-01-01,COK,0,0,0
2021-02-01,COK,0,0,0
2021-03-01,COK,0,0,0
2021-04-01,COK,0,0,0
2021-05-01,COK,0,0,0
2021-06-01,COK,0,0,0
2021-07-01,COK,0,0,0
2021-08-01,COK,0,0,0
2021-09-01,COK,0,0,0
2021-10-01,COK,0,0,0
2021-11-01,COK,0,0,0
2021-12-01,COK,0,0,0
2022-01-01,COK,0,0,0
2022-02-01,COK,0,0,0
2022-03-01,COK,0,0,0
2022-04-01,COK,0,0,0
2022-05-01,COK,0,0,0
2022-06-01,COK,0,0,0
2022-07-01,COK,0,0,0
2022-08-01,COK,0,0,0
2022-09-01,COK,0,0,0
2022-10-01,COK,0,0,0
2022-11-01,COK,0,0,0
2022-12-01,COK,0,0,0
2023-01-01,COK,0,0,0
2023-02-01,COK,0,0,0
2023-03-01,COK,0,0,0
2023-04-01,COK,0,0,0
2023-05-01,COK,0,0,0
2023-06-01,COK,0,0,0
2023-07-01,COK,1,1,0
2023-08-01,COK,0,0,0
2023-09-01,COK,0,0,0
2023-10-01,COK,0,0,0
2023-11-01,COK,0,0,0
2023-12-01,COK,0,0,0
2024-01-01,COK,0,0,0
2024-02-01,COK,0,0,0
2024-03-01,COK,0,0,0
2024-04-01,COK,0,0,0
2024-05-01,COK,0,0,0
2024-06-01,COK,0,0,0
2020-01-01,COL,247,131,116
2020-02-01,COL,137,69,68
2020-03-01,COL,59,30,29
2020-04-01,COL,0,0,0
2020-05-01,COL,0,0,0
2020-06-01,COL,0,0,0
2020-07-01,COL,3,1,2
2020-08-01,COL,0,0,0
2020-09-01,COL,0,0,0
2020-10-01,COL,1,1,0
2020-11-01,COL,3,0,3
2020-12-01,COL,4,2,2
2021-01-01,COL,6,1,5
2021-02-01,COL,5,3,2
2021-03-01,COL,10,3,7
2021-04-01,COL,7,3,4
2021-05-01,COL,4,3,1
2021-06-01,COL,1,1,0
2021-07-01,COL,5,2,3
2021-08-01,COL,7,4,3
2021-09-01,COL,9,5,4
2021-10-01,COL,7,4,3
2021-11-01,COL,5,3,2
2021-12-01,COL,10,6,4
2022-01-01,COL,37,20,17
2022-02-01,COL,10,2,8
2022-03-01,COL,14,10,4
2022-04-01,COL,52,22,30
2022-05-01,COL,127,67,60
2022-06-01,COL,78,35,43
2022-07-01,COL,126,58,68
2022-08-01,COL,115,60,55
2022-09-01,COL,139,81,58
2022-10-01,COL,244,123,121
2022-11-01,COL,153,85,68
2022-12-01,COL,152,78,74
2023-01-01,COL,224,116,108
2023-02-01,COL,130,68,62
2023-03-01,COL,165,81,84
2023-04-01,COL,204,100,104
2023-05-01,COL,233,110,123
2023-06-01,COL,185,85,100
2023-07-01,COL,251,127,124
2023-08-01,COL,241,129,112
2023-09-01,COL,429,243,186
2023-10-01,COL,306,169,137
2023-11-01,COL,220,125,95
2023-12-01,COL,271,143,128
2024-01-01,COL,325,171,154
2024-02-01,COL,204,113,91
2024-03-01,COL,307,158,149
2024-04-01,COL,301,148,153
2024-05-01,COL,229,121,108
2024-06-01,COL,280,145,135
2020-01-01,COM,20,13,7
2020-02-01,COM,18,14,4
2020-03-01,COM,7,7,0
2020-04-01,COM,0,0,0
2020-05-01,COM,0,0,0
2020-06-01,COM,0,0,0
2020-07-01,COM,0,0,0
2020-08-01,COM,0,0,0
2020-09-01,COM,0,0,0
2020-10-01,COM,2,0,2
2020-11-01,COM,2,0,2
2020-12-01,COM,0,0,0
2021-01-01,COM,0,0,0
2021-02-01,COM,3,2,1
2021-03-01,COM,4,3,1
2021-04-01,COM,2,1,1
2021-05-01,COM,4,2,2
2021-06-01,COM,0,0,0
2021-07-01,COM,0,0,0
2021-08-01,COM,0,0,0
2021-09-01,COM,6,4,2
2021-10-01,COM,2,2,0
2021-11-01,COM,1,0,1
2021-12-01,COM,2,1,1
2022-01-01,COM,1,1,0
2022-02-01,COM,8,2,6
2022-03-01,COM,9,8,1
2022-04-01,COM,13,6,7
2022-05-01,COM,6,5,1
2022-06-01,COM,9,5,4
2022-07-01,COM,2,1,1
2022-08-01,COM,10,3,7
2022-09-01,COM,4,4,0
2022-10-01,COM,10,8,2
2022-11-01,COM,16,10,6
2022-12-01,COM,18,11,7
2023-01-01,COM,16,11,5
2023-02-01,COM,22,9,13
2023-03-01,COM,11,3,8
2023-04-01,COM,6,4,2
2023-05-01,COM,4,4,0
2023-06-01,COM,36,24,12
2023-07-01,COM,39,17,22
2023-08-01,COM,22,12,10
2023-09-01,COM,37,26,11
2023-10-01,COM,21,13,8
2023-11-01,COM,17,11,6
2023-12-01,COM,18,9,9
2024-01-01,COM,16,10,6
2024-02-01,COM,12,11,1
2024-03-01,COM,6,2,4
2024-04-01,COM,26,17,9
2024-05-01,COM,20,11,9
2024-06-01,COM,39,16,23
2020-01-01,CPV,4,2,2
2020-02-01,CPV,5,4,1
2020-03-01,CPV,2,2,0
2020-04-01,CPV,0,0,0
2020-05-01,CPV,0,0,0
2020-06-01,CPV,0,0,0
2020-07-01,CPV,0,0,0
2020-08-01,CPV,0,0,0
2020-09-01,CPV,0,0,0
2020-10-01,CPV,0,0,0
2020-11-01,CPV,0,0,0
2020-12-01,CPV,0,0,0
2021-01-01,CPV,0,0,0
2021-02-01,CPV,0,0,0
2021-03-01,CPV,0,0,0
2021-04-01,CPV,0,0,0
2021-05-01,CPV,0,0,0
2021-06-01,CPV,0,0,0
2021-07-01,CPV,0,0,0
2021-08-01,CPV,0,0,0
2021-09-01,CPV,0,0,0
2021-10-01,CPV,0,0,0
2021-11-01,CPV,0,0,0
2021-12-01,CPV,0,0,0
2022-01-01,CPV,0,0,0
2022-02-01,CPV,0,0,0
2022-03-01,CPV,0,0,0
2022-04-01,CPV,2,0,2
2022-05-01,CPV,3,2,1
2022-06-01,CPV,1,1,0
2022-07-01,CPV,1,1,0
2022-08-01,CPV,5,3,2
2022-09-01,CPV,1,1,0
2022-10-01,CPV,5,2,3
2022-11-01,CPV,4,2,2
2022-12-01,CPV,1,0,1
2023-01-01,CPV,5,2,3
2023-02-01,CPV,2,2,0
2023-03-01,CPV,3,1,2
2023-04-01,CPV,0,0,0
2023-05-01,CPV,1,0,1
2023-06-01,CPV,2,2,0
2023-07-01,CPV,3,2,1
2023-08-01,CPV,7,4,3
2023-09-01,CPV,1,0,1
2023-10-01,CPV,5,2,3
2023-11-01,CPV,2,0,2
2023-12-01,CPV,1,0,1
2024-01-01,CPV,1,0,1
2024-02-01,CPV,7,4,3
2024-03-01,CPV,1,0,1
2024-04-01,CPV,0,0,0
2024-05-01,CPV,2,1,1
2024-06-01,CPV,7,4,3
2020-01-01,CRI,87,52,35
2020-02-01,CRI,75,50,25
2020-03-01,CRI,23,12,11
2020-04-01,CRI,0,0,0
2020-05-01,CRI,0,0,0
2020-06-01,CRI,0,0,0
2020-07-01,CRI,0,0,0
2020-08-01,CRI,3,2,1
2020-09-01,CRI,0,0,0
2020-10-01,CRI,3,3,0
2020-11-01,CRI,0,0,0
2020-12-01,CRI,1,1,0
2021-01-01,CRI,21,11,10
2021-02-01,CRI,18,14,4
2021-03-01,CRI,4,2,2
2021-04-01,CRI,1,0,1
2021-05-01,CRI,37,30,7
2021-06-01,CRI,1,1,0
2021-07-01,CRI,3,1,2
2021-08-01,CRI,0,0,0
2021-09-01,CRI,0,0,0
2021-10-01,CRI,2,1,1
2021-11-01,CRI,3,1,2
2021-12-01,CRI,1,0,1
2022-01-01,CRI,17,6,11
2022-02-01,CRI,5,4,1
2022-03-01,CRI,4,4,0
2022-04-01,CRI,21,10,11
2022-05-01,CRI,33,24,9
2022-06-01,CRI,31,19,12
2022-07-01,CRI,44,19,25
2022-08-01,CRI,43,21,22
2022-09-01,CRI,61,35,26
2022-10-01,CRI,94,48,46
2022-11-01,CRI,53,30,23
2022-12-01,CRI,43,22,21
2023-01-01,CRI,73,39,34
2023-02-01,CRI,50,31,19
2023-03-01,CRI,66,41,25
2023-04-01,CRI,96,52,44
2023-05-01,CRI,62,36,26
2023-06-01,CRI,45,23,22
2023-07-01,CRI,94,54,40
2023-08-01,CRI,82,50,32
2023-09-01,CRI,94,52,42
2023-10-01,CRI,99,59,40
2023-11-01,CRI,80,54,26
2023-12-01,CRI,81,49,32
2024-01-01,CRI,153,78,75
2024-02-01,CRI,90,50,40
2024-03-01,CRI,132,73,59
2024-04-01,CRI,92,52,40
2024-05-01,CRI,80,44,36
2024-06-01,CRI,68,40,28
2020-01-01,CUB,48,29,19
2020-02-01,CUB,37,24,13
2020-03-01,CUB,12,7,5
2020-04-01,CUB,0,0,0
2020-05-01,CUB,0,0,0
2020-06-01,CUB,0,0,0
2020-07-01,CUB,0,0,0
2020-08-01,CUB,0,0,0
2020-09-01,CUB,0,0,0
2020-10-01,CUB,0,0,0
2020-11-01,CUB,0,0,0
2020-12-01,CUB,0,0,0
2021-01-01,CUB,0,0,0
2021-02-01,CUB,0,0,0
2021-03-01,CUB,2,1,1
2021-04-01,CUB,0,0,0
2021-05-01,CUB,0,0,0
2021-06-01,CUB,0,0,0
2021-07-01,CUB,0,0,0
2021-08-01,CUB,0,0,0
2021-09-01,CUB,0,0,0
2021-10-01,CUB,0,0,0
2021-11-01,CUB,0,0,0
2021-12-01,CUB,2,1,1
2022-01-01,CUB,5,2,3
2022-02-01,CUB,0,0,0
2022-03-01,CUB,0,0,0
2022-04-01,CUB,5,4,1
2022-05-01,CUB,14,9,5
2022-06-01,CUB,6,5,1
2022-07-01,CUB,23,13,10
2022-08-01,CUB,20,13,7
2022-09-01,CUB,16,4,12
2022-10-01,CUB,40,23,17
2022-11-01,CUB,28,17,11
2022-12-01,CUB,55,36,19
2023-01-01,CUB,23,7,16
2023-02-01,CUB,19,9,10
2023-03-01,CUB,23,13,10
2023-04-01,CUB,29,18,11
2023-05-01,CUB,32,18,14
2023-06-01,CUB,25,14,11
2023-07-01,CUB,39,26,13
2023-08-01,CUB,33,22,11
2023-09-01,CUB,25,12,13
2023-10-01,CUB,18,9,9
2023-11-01,CUB,39,21,18
2023-12-01,CUB,28,20,8
2024-01-01,CUB,44,25,19
2024-02-01,CUB,32,14,18
2024-03-01,CUB,34,19,15
2024-04-01,CUB,27,19,8
2024-05-01,CUB,36,19,17
2024-06-01,CUB,37,22,15
2020-01-01,CYP,88,51,37
2020-02-01,CYP,75,43,32
2020-03-01,CYP,21,15,6
2020-04-01,CYP,0,0,0
2020-05-01,CYP,0,0,0
2020-06-01,CYP,0,0,0
2020-07-01,CYP,2,2,0
2020-08-01,CYP,0,0,0
2020-09-01,CYP,1,1,0
2020-10-01,CYP,0,0,0
2020-11-01,CYP,0,0,0
2020-12-01,CYP,0,0,0
2021-01-01,CYP,0,0,0
2021-02-01,CYP,3,2,1
2021-03-01,CYP,1,1,0
2021-04-01,CYP,1,1,0
2021-05-01,CYP,3,2,1
2021-06-01,CYP,0,0,0
2021-07-01,CYP,0,0,0
2021-08-01,CYP,0,0,0
2021-09-01,CYP,0,0,0
2021-10-01,CYP,0,0,0
2021-11-01,CYP,0,0,0
2021-12-01,CYP,0,0,0
2022-01-01,CYP,10,8,2
2022-02-01,CYP,8,5,3
2022-03-01,CYP,3,2,1
2022-04-01,CYP,13,11,2
2022-05-01,CYP,42,30,12
2022-06-01,CYP,39,30,9
2022-07-01,CYP,64,42,22
2022-08-01,CYP,74,43,31
2022-09-01,CYP,48,36,12
2022-10-01,CYP,43,28,15
2022-11-01,CYP,63,42,21
2022-12-01,CYP,80,46,34
2023-01-01,CYP,72,42,30
2023-02-01,CYP,47,32,15
2023-03-01,CYP,91,56,35
2023-04-01,CYP,73,47,26
2023-05-01,CYP,58,37,21
2023-06-01,CYP,76,59,17
2023-07-01,CYP,139,82,57
2023-08-01,CYP,143,89,54
2023-09-01,CYP,82,59,23
2023-10-01,CYP,96,57,39
2023-11-01,CYP,125,80,45
2023-12-01,CYP,104,53,51
2024-01-01,CYP,98,57,41
2024-02-01,CYP,95,61,34
2024-03-01,CYP,101,67,34
2024-04-01,CYP,78,47,31
2024-05-01,CYP,94,64,30
2024-06-01,CYP,91,65,26
2020-01-01,CZE,1783,998,785
2020-02-01,CZE,2151,1139,1012
2020-03-01,CZE,783,436,347
2020-04-01,CZE,0,0,0
2020-05-01,CZE,1,1,0
2020-06-01,CZE,1,1,0
2020-07-01,CZE,7,5,2
2020-08-01,CZE,7,6,1
2020-09-01,CZE,24,19,5
2020-10-01,CZE,5,4,1
2020-11-01,CZE,8,7,1
2020-12-01,CZE,4,3,1
2021-01-01,CZE,11,11,0
2021-02-01,CZE,6,6,0
2021-03-01,CZE,7,4,3
2021-04-01,CZE,9,8,1
2021-05-01,CZE,6,6,0
2021-06-01,CZE,2,2,0
2021-07-01,CZE,4,2,2
2021-08-01,CZE,8,4,4
2021-09-01,CZE,3,2,1
2021-10-01,CZE,4,4,0
2021-11-01,CZE,13,10,3
2021-12-01,CZE,15,8,7
2022-01-01,CZE,20,15,5
2022-02-01,CZE,24,18,6
2022-03-01,CZE,39,30,9
2022-04-01,CZE,155,102,53
2022-05-01,CZE,157,107,50
2022-06-01,CZE,291,175,116
2022-07-01,CZE,534,297,237
2022-08-01,CZE,496,270,226
2022-09-01,CZE,436,267,169
2022-10-01,CZE,496,299,197
2022-11-01,CZE,684,419,265
2022-12-01,CZE,570,330,240
2023-01-01,CZE,790,447,343
2023-02-01,CZE,1020,580,440
2023-03-01,CZE,1165,673,492
2023-04-01,CZE,772,457,315
2023-05-01,CZE,445,282,163
2023-06-01,CZE,403,252,151
2023-07-01,CZE,927,504,423
2023-08-01,CZE,671,350,321
2023-09-01,CZE,582,345,237
2023-10-01,CZE,643,373,270
2023-11-01,CZE,1014,559,455
2023-12-01,CZE,1296,738,558
2024-01-01,CZE,1561,876,685
2024-02-01,CZE,1891,999,892
2024-03-01,CZE,1587,864,723
2024-04-01,CZE,806,451,355
2024-05-01,CZE,581,331,250
2024-06-01,CZE,645,376,269
2020-01-01,DEU,11673,7345,4328
2020-02-01,DEU,12386,7517,4869
2020-03-01,DEU,6590,3897,2693
2020-04-01,DEU,6,4,2
2020-05-01,DEU,4,2,2
2020-06-01,DEU,19,16,3
2020-07-01,DEU,117,75,42
2020-08-01,DEU,67,49,18
2020-09-01,DEU,73,59,14
2020-10-01,DEU,112,88,24
2020-11-01,DEU,55,46,9
2020-12-01,DEU,35,26,9
2021-01-01,DEU,97,80,17
2021-02-01,DEU,66,57,9
2021-03-01,DEU,94,88,6
2021-04-01,DEU,104,95,9
2021-05-01,DEU,68,55,13
2021-06-01,DEU,51,46,5
2021-07-01,DEU,82,51,31
2021-08-01,DEU,118,77,41
2021-09-01,DEU,159,118,41
2021-10-01,DEU,131,107,24
2021-11-01,DEU,171,146,25
2021-12-01,DEU,371,264,107
2022-01-01,DEU,449,345,104
2022-02-01,DEU,351,291,60
2022-03-01,DEU,512,401,111
2022-04-01,DEU,2796,2013,783
2022-05-01,DEU,4394,3006,1388
2022-06-01,DEU,5064,3411,1653
2022-07-01,DEU,7806,4799,3007
2022-08-01,DEU,9555,5640,3915
2022-09-01,DEU,8309,5195,3114
2022-10-01,DEU,8811,5613,3198
2022-11-01,DEU,8530,5689,2841
2022-12-01,DEU,11699,6862,4837
2023-01-01,DEU,12512,7343,5169
2023-02-01,DEU,14047,8367,5680
2023-03-01,DEU,13048,7880,5168
2023-04-01,DEU,10770,6381,4389
2023-05-01,DEU,11331,6716,4615
2023-06-01,DEU,7307,4590,2717
2023-07-01,DEU,11911,7145,4766
2023-08-01,DEU,13152,7625,5527
2023-09-01,DEU,11381,6973,4408
2023-10-01,DEU,10969,6813,4156
2023-11-01,DEU,11746,7517,4229
2023-12-01,DEU,16543,9554,6989
2024-01-01,DEU,14112,8596,5516
2024-02-01,DEU,23326,12870,10456
2024-03-01,DEU,18690,10832,7858
2024-04-01,DEU,14749,8398,6351
2024-05-01,DEU,13309,7764,5545
2024-06-01,DEU,9580,5890,3690
2020-01-01,DJI,9,3,6
2020-02-01,DJI,24,15,9
2020-03-01,DJI,4,0,4
2020-04-01,DJI,0,0,0
2020-05-01,DJI,0,0,0
2020-06-01,DJI,0,0,0
2020-07-01,DJI,0,0,0
2020-08-01,DJI,0,0,0
2020-09-01,DJI,0,0,0
2020-10-01,DJI,2,2,0
2020-11-01,DJI,0,0,0
2020-12-01,DJI,0,0,0
2021-01-01,DJI,0,0,0
2021-02-01,DJI,0,0,0
2021-03-01,DJI,10,0,10
2021-04-01,DJI,24,15,9
2021-05-01,DJI,1,0,1
2021-06-01,DJI,1,0,1
2021-07-01,DJI,1,1,0
2021-08-01,DJI,2,0,2
2021-09-01,DJI,1,1,0
2021-10-01,DJI,2,0,2
2021-11-01,DJI,3,2,1
2021-12-01,DJI,6,1,5
2022-01-01,DJI,6,3,3
2022-02-01,DJI,3,1,2
2022-03-01,DJI,10,6,4
2022-04-01,DJI,6,3,3
2022-05-01,DJI,6,3,3
2022-06-01,DJI,5,4,1
2022-07-01,DJI,1,0,1
2022-08-01,DJI,18,13,5
2022-09-01,DJI,11,7,4
2022-10-01,DJI,24,21,3
2022-11-01,DJI,7,4,3
2022-12-01,DJI,25,12,13
2023-01-01,DJI,15,8,7
2023-02-01,DJI,5,3,2
2023-03-01,DJI,4,1,3
2023-04-01,DJI,5,2,3
2023-05-01,DJI,40,22,18
2023-06-01,DJI,8,7,1
2023-07-01,DJI,2,2,0
2023-08-01,DJI,10,5,5
2023-09-01,DJI,13,9,4
2023-10-01,DJI,13,9,4
2023-11-01,DJI,14,9,5
2023-12-01,DJI,13,6,7
2024-01-01,DJI,12,7,5
2024-02-01,DJI,8,3,5
2024-03-01,DJI,26,17,9
2024-04-01,DJI,9,6,3
2024-05-01,DJI,15,5,10
2024-06-01,DJI,14,11,3
2020-01-01,DMA,57,46,11
2020-02-01,DMA,45,36,9
2020-03-01,DMA,14,12,2
2020-04-01,DMA,0,0,0
2020-05-01,DMA,0,0,0
2020-06-01,DMA,1,1,0
2020-07-01,DMA,0,0,0
2020-08-01,DMA,0,0,0
2020-09-01,DMA,0,0,0
2020-10-01,DMA,0,0,0
2020-11-01,DMA,0,0,0
2020-12-01,DMA,0,0,0
2021-01-01,DMA,1,1,0
2021-02-01,DMA,1,1,0
2021-03-01,DMA,1,1,0
2021-04-01,DMA,0,0,0
2021-05-01,DMA,0,0,0
2021-06-01,DMA,0,0,0
2021-07-01,DMA,0,0,0
2021-08-01,DMA,4,3,1
2021-09-01,DMA,0,0,0
2021-10-01,DMA,0,0,0
2021-11-01,DMA,8,3,5
2021-12-01,DMA,5,5,0
2022-01-01,DMA,0,0,0
2022-02-01,DMA,3,3,0
2022-03-01,DMA,5,4,1
2022-04-01,DMA,14,11,3
2022-05-01,DMA,27,21,6
2022-06-01,DMA,16,13,3
2022-07-01,DMA,26,17,9
2022-08-01,DMA,38,28,10
2022-09-01,DMA,33,30,3
2022-10-01,DMA,36,30,6
2022-11-01,DMA,26,22,4
2022-12-01,DMA,24,20,4
2023-01-01,DMA,39,29,10
2023-02-01,DMA,42,33,9
2023-03-01,DMA,65,50,15
2023-04-01,DMA,28,24,4
2023-05-01,DMA,32,30,2
2023-06-01,DMA,48,40,8
2023-07-01,DMA,66,47,19
2023-08-01,DMA,57,40,17
2023-09-01,DMA,70,55,15
2023-10-01,DMA,48,41,7
2023-11-01,DMA,39,34,5
2023-12-01,DMA,71,48,23
2024-01-01,DMA,65,54,11
2024-02-01,DMA,53,40,13
2024-03-01,DMA,74,51,23
2024-04-01,DMA,71,49,22
2024-05-01,DMA,62,42,20
2024-06-01,DMA,51,39,12
2020-01-01,DNK,2772,1644,1128
2020-02-01,DNK,3009,1669,1340
2020-03-01,DNK,890,506,384
2020-04-01,DNK,0,0,0
2020-05-01,DNK,0,0,0
2020-06-01,DNK,2,2,0
2020-07-01,DNK,35,30,5
2020-08-01,DNK,20,10,10
2020-09-01,DNK,19,15,4
2020-10-01,DNK,28,26,2
2020-11-01,DNK,24,19,5
2020-12-01,DNK,12,6,6
2021-01-01,DNK,26,18,8
2021-02-01,DNK,17,17,0
2021-03-01,DNK,21,18,3
2021-04-01,DNK,34,27,7
2021-05-01,DNK,11,10,1
2021-06-01,DNK,10,9,1
2021-07-01,DNK,14,10,4
2021-08-01,DNK,35,25,10
2021-09-01,DNK,39,32,7
2021-10-01,DNK,30,21,9
2021-11-01,DNK,36,32,4
2021-12-01,DNK,58,47,11
2022-01-01,DNK,127,93,34
2022-02-01,DNK,59,48,11
2022-03-01,DNK,106,80,26
2022-04-01,DNK,519,358,161
2022-05-01,DNK,620,412,208
2022-06-01,DNK,741,503,238
2022-07-01,DNK,1501,849,652
2022-08-01,DNK,1012,624,388
2022-09-01,DNK,1082,675,407
2022-10-01,DNK,1219,777,442
2022-11-01,DNK,1218,805,413
2022-12-01,DNK,1086,657,429
2023-01-01,DNK,1714,984,730
2023-02-01,DNK,1965,1142,823
2023-03-01,DNK,1844,1053,791
2023-04-01,DNK,1621,954,667
2023-05-01,DNK,1138,772,366
2023-06-01,DNK,1025,643,382
2023-07-01,DNK,2362,1329,1033
2023-08-01,DNK,1194,739,455
2023-09-01,DNK,1282,829,453
2023-10-01,DNK,1618,985,633
2023-11-01,DNK,1583,1032,551
2023-12-01,DNK,1734,1035,699
2024-01-01,DNK,2821,1551,1270
2024-02-01,DNK,2604,1457,1147
2024-03-01,DNK,2555,1454,1101
2024-04-01,DNK,1731,992,739
2024-05-01,DNK,1109,737,372
2024-06-01,DNK,1309,837,472
2020-01-01,DOM,23,13,10
2020-02-01,DOM,35,23,12
2020-03-01,DOM,6,4,2
2020-04-01,DOM,0,0,0
2020-05-01,DOM,0,0,0
2020-06-01,DOM,0,0,0
2020-07-01,DOM,1,1,0
2020-08-01,DOM,0,0,0
2020-09-01,DOM,0,0,0
2020-10-01,DOM,0,0,0
2020-11-01,DOM,0,0,0
2020-12-01,DOM,0,0,0
2021-01-01,DOM,0,0,0
2021-02-01,DOM,0,0,0
2021-03-01,DOM,0,0,0
2021-04-01,DOM,0,0,0
2021-05-01,DOM,0,0,0
2021-06-01,DOM,0,0,0
2021-07-01,DOM,0,0,0
2021-08-01,DOM,0,0,0
2021-09-01,DOM,0,0,0
2021-10-01,DOM,0,0,0
2021-11-01,DOM,0,0,0
2021-12-01,DOM,1,1,0
2022-01-01,DOM,1,1,0
2022-02-01,DOM,0,0,0
2022-03-01,DOM,0,0,0
2022-04-01,DOM,0,0,0
2022-05-01,DOM,14,4,10
2022-06-01,DOM,9,5,4
2022-07-01,DOM,17,10,7
2022-08-01,DOM,13,7,6
2022-09-01,DOM,9,4,5
2022-10-01,DOM,42,20,22
2022-11-01,DOM,8,8,0
2022-12-01,DOM,14,6,8
2023-01-01,DOM,14,9,5
2023-02-01,DOM,23,11,12
2023-03-01,DOM,70,41,29
2023-04-01,DOM,37,19,18
2023-05-01,DOM,22,14,8
2023-06-01,DOM,21,13,8
2023-07-01,DOM,18,9,9
2023-08-01,DOM,19,11,8
2023-09-01,DOM,36,14,22
2023-10-01,DOM,22,10,12
2023-11-01,DOM,96,47,49
2023-12-01,DOM,15,5,10
2024-01-01,DOM,18,10,8
2024-02-01,DOM,18,10,8
2024-03-01,DOM,26,11,15
2024-04-01,DOM,14,5,9
2024-05-01,DOM,29,12,17
2024-06-01,DOM,21,9,12
2020-01-01,DZA,783,570,213
2020-02-01,DZA,916,659,257
2020-03-01,DZA,367,268,99
2020-04-01,DZA,0,0,0
2020-05-01,DZA,0,0,0
2020-06-01,DZA,1,1,0
2020-07-01,DZA,4,2,2
2020-08-01,DZA,5,4,1
2020-09-01,DZA,2,2,0
2020-10-01,DZA,1,1,0
2020-11-01,DZA,4,3,1
2020-12-01,DZA,9,7,2
2021-01-01,DZA,9,5,4
2021-02-01,DZA,4,3,1
2021-03-01,DZA,4,2,2
2021-04-01,DZA,3,2,1
2021-05-01,DZA,4,4,0
2021-06-01,DZA,11,7,4
2021-07-01,DZA,3,1,2
2021-08-01,DZA,12,5,7
2021-09-01,DZA,26,12,14
2021-10-01,DZA,11,9,2
2021-11-01,DZA,26,18,8
2021-12-01,DZA,45,35,10
2022-01-01,DZA,50,37,13
2022-02-01,DZA,47,32,15
2022-03-01,DZA,54,36,18
2022-04-01,DZA,119,87,32
2022-05-01,DZA,225,158,67
2022-06-01,DZA,222,136,86
2022-07-01,DZA,289,166,123
2022-08-01,DZA,929,490,439
2022-09-01,DZA,501,303,198
2022-10-01,DZA,451,313,138
2022-11-01,DZA,491,359,132
2022-12-01,DZA,322,219,103
2023-01-01,DZA,500,336,164
2023-02-01,DZA,404,280,124
2023-03-01,DZA,414,304,110
2023-04-01,DZA,289,205,84
2023-05-01,DZA,656,437,219
2023-06-01,DZA,503,335,168
2023-07-01,DZA,1172,641,531
2023-08-01,DZA,3192,1608,1584
2023-09-01,DZA,1716,1072,644
2023-10-01,DZA,1186,768,418
2023-11-01,DZA,795,536,259
2023-12-01,DZA,987,581,406
2024-01-01,DZA,1018,654,364
2024-02-01,DZA,865,565,300
2024-03-01,DZA,395,294,101
2024-04-01,DZA,513,336,177
2024-05-01,DZA,962,626,336
2024-06-01,DZA,815,521,294
2020-01-01,ECU,107,48,59
2020-02-01,ECU,80,40,40
2020-03-01,ECU,15,7,8
2020-04-01,ECU,0,0,0
2020-05-01,ECU,0,0,0
2020-06-01,ECU,1,0,1
2020-07-01,ECU,1,0,1
2020-08-01,ECU,0,0,0
2020-09-01,ECU,0,0,0
2020-10-01,ECU,0,0,0
2020-11-01,ECU,1,1,0
2020-12-01,ECU,1,1,0
2021-01-01,ECU,0,0,0
2021-02-01,ECU,0,0,0
2021-03-01,ECU,0,0,0
2021-04-01,ECU,1,1,0
2021-05-01,ECU,2,2,0
2021-06-01,ECU,0,0,0
2021-07-01,ECU,0,0,0
2021-08-01,ECU,1,0,1
2021-09-01,ECU,0,0,0
2021-10-01,ECU,1,1,0
2021-11-01,ECU,0,0,0
2021-12-01,ECU,3,3,0
2022-01-01,ECU,2,2,0
2022-02-01,ECU,0,0,0
2022-03-01,ECU,2,1,1
2022-04-01,ECU,28,16,12
2022-05-01,ECU,31,14,17
2022-06-01,ECU,29,16,13
2022-07-01,ECU,42,17,25
2022-08-01,ECU,66,28,38
2022-09-01,ECU,57,29,28
2022-10-01,ECU,99,57,42
2022-11-01,ECU,50,28,22
2022-12-01,ECU,51,22,29
2023-01-01,ECU,38,16,22
2023-02-01,ECU,56,40,16
2023-03-01,ECU,81,43,38
2023-04-01,ECU,94,50,44
2023-05-01,ECU,60,30,30
2023-06-01,ECU,64,22,42
2023-07-01,ECU,88,47,41
2023-08-01,ECU,102,40,62
2023-09-01,ECU,148,67,81
2023-10-01,ECU,82,48,34
2023-11-01,ECU,123,64,59
2023-12-01,ECU,104,49,55
2024-01-01,ECU,78,44,34
2024-02-01,ECU,86,47,39
2024-03-01,ECU,90,32,58
2024-04-01,ECU,137,58,79
2024-05-01,ECU,95,49,46
2024-06-01,ECU,121,65,56
2020-01-01,EGY,3079,1928,1151
2020-02-01,EGY,2862,1996,866
2020-03-01,EGY,763,580,183
2020-04-01,EGY,8,7,1
2020-05-01,EGY,13,11,2
2020-06-01,EGY,3,3,0
2020-07-01,EGY,27,18,9
2020-08-01,EGY,30,22,8
2020-09-01,EGY,35,28,7
2020-10-01,EGY,53,39,14
2020-11-01,EGY,28,23,5
2020-12-01,EGY,50,39,11
2021-01-01,EGY,40,30,10
2021-02-01,EGY,56,44,12
2021-03-01,EGY,114,86,28
2021-04-01,EGY,98,75,23
2021-05-01,EGY,76,59,17
2021-06-01,EGY,50,36,14
2021-07-01,EGY,52,39,13
2021-08-01,EGY,81,61,20
2021-09-01,EGY,73,54,19
2021-10-01,EGY,165,125,40
2021-11-01,EGY,213,160,53
2021-12-01,EGY,271,206,65
2022-01-01,EGY,342,248,94
2022-02-01,EGY,270,210,60
2022-03-01,EGY,234,177,57
2022-04-01,EGY,648,458,190
2022-05-01,EGY,1266,894,372
2022-06-01,EGY,1136,775,361
2022-07-01,EGY,1290,798,492
2022-08-01,EGY,1915,1235,680
2022-09-01,EGY,1999,1354,645
2022-10-01,EGY,2073,1444,629
2022-11-01,EGY,1525,1044,481
2022-12-01,EGY,1634,1030,604
2023-01-01,EGY,1669,1144,525
2023-02-01,EGY,1777,1251,526
2023-03-01,EGY,1556,1212,344
2023-04-01,EGY,1665,1184,481
2023-05-01,EGY,2121,1592,529
2023-06-01,EGY,1864,1292,572
2023-07-01,EGY,2320,1458,862
2023-08-01,EGY,2828,1822,1006
2023-09-01,EGY,2648,1794,854
2023-10-01,EGY,2590,1828,762
2023-11-01,EGY,2218,1547,671
2023-12-01,EGY,2413,1622,791
2024-01-01,EGY,2392,1598,794
2024-02-01,EGY,2712,1750,962
2024-03-01,EGY,1450,1123,327
2024-04-01,EGY,1958,1334,624
2024-05-01,EGY,2031,1452,579
2024-06-01,EGY,2569,1610,959
2020-01-01,ERI,31,20,11
2020-02-01,ERI,31,21,10
2020-03-01,ERI,3,3,0
2020-04-01,ERI,0,0,0
2020-05-01,ERI,0,0,0
2020-06-01,ERI,0,0,0
2020-07-01,ERI,0,0,0
2020-08-01,ERI,0,0,0
2020-09-01,ERI,0,0,0
2020-10-01,ERI,0,0,0
2020-11-01,ERI,0,0,0
2020-12-01,ERI,0,0,0
2021-01-01,ERI,0,0,0
2021-02-01,ERI,1,1,0
2021-03-01,ERI,2,1,1
2021-04-01,ERI,1,1,0
2021-05-01,ERI,2,1,1
2021-06-01,ERI,0,0,0
2021-07-01,ERI,0,0,0
2021-08-01,ERI,0,0,0
2021-09-01,ERI,1,1,0
2021-10-01,ERI,2,1,1
2021-11-01,ERI,1,0,1
2021-12-01,ERI,4,2,2
2022-01-01,ERI,1,0,1
2022-02-01,ERI,3,0,3
2022-03-01,ERI,5,4,1
2022-04-01,ERI,9,6,3
2022-05-01,ERI,9,3,6
2022-06-01,ERI,6,2,4
2022-07-01,ERI,8,5,3
2022-08-01,ERI,7,4,3
2022-09-01,ERI,17,9,8
2022-10-01,ERI,19,15,4
2022-11-01,ERI,17,9,8
2022-12-01,ERI,13,6,7
2023-01-01,ERI,12,7,5
2023-02-01,ERI,8,4,4
2023-03-01,ERI,29,18,11
2023-04-01,ERI,18,7,11
2023-05-01,ERI,3,2,1
2023-06-01,ERI,25,14,11
2023-07-01,ERI,13,11,2
2023-08-01,ERI,35,18,17
2023-09-01,ERI,21,10,11
2023-10-01,ERI,13,10,3
2023-11-01,ERI,26,14,12
2023-12-01,ERI,14,5,9
2024-01-01,ERI,17,10,7
2024-02-01,ERI,22,12,10
2024-03-01,ERI,21,6,15
2024-04-01,ERI,15,10,5
2024-05-01,ERI,19,12,7
2024-06-01,ERI,34,20,14
2020-01-01,ESP,3195,1891,1304
2020-02-01,ESP,2883,1720,1163
2020-03-01,ESP,1428,825,603
2020-04-01,ESP,0,0,0
2020-05-01,ESP,0,0,0
2020-06-01,ESP,3,1,2
2020-07-01,ESP,22,18,4
2020-08-01,ESP,19,10,9
2020-09-01,ESP,8,5,3
2020-10-01,ESP,12,6,6
2020-11-01,ESP,14,12,2
2020-12-01,ESP,28,17,11
2021-01-01,ESP,20,13,7
2021-02-01,ESP,18,15,3
2021-03-01,ESP,27,18,9
2021-04-01,ESP,21,16,5
2021-05-01,ESP,27,23,4
2021-06-01,ESP,14,12,2
2021-07-01,ESP,32,22,10
2021-08-01,ESP,75,45,30
2021-09-01,ESP,43,32,11
2021-10-01,ESP,19,13,6
2021-11-01,ESP,44,31,13
2021-12-01,ESP,44,30,14
2022-01-01,ESP,274,200,74
2022-02-01,ESP,134,110,24
2022-03-01,ESP,121,88,33
2022-04-01,ESP,599,366,233
2022-05-01,ESP,996,652,344
2022-06-01,ESP,1490,943,547
2022-07-01,ESP,3745,1959,1786
2022-08-01,ESP,6259,3232,3027
2022-09-01,ESP,3090,1714,1376
2022-10-01,ESP,3712,2333,1379
2022-11-01,ESP,2808,1650,1158
2022-12-01,ESP,1993,1146,847
2023-01-01,ESP,2607,1536,1071
2023-02-01,ESP,2203,1373,830
2023-03-01,ESP,2778,1632,1146
2023-04-01,ESP,3082,1710,1372
2023-05-01,ESP,2364,1443,921
2023-06-01,ESP,2213,1313,900
2023-07-01,ESP,6252,3193,3059
2023-08-01,ESP,10124,5151,4973
2023-09-01,ESP,5142,2804,2338
2023-10-01,ESP,4129,2326,1803
2023-11-01,ESP,4466,2720,1746
2023-12-01,ESP,3512,1929,1583
2024-01-01,ESP,3953,2181,1772
2024-02-01,ESP,3619,2113,1506
2024-03-01,ESP,4499,2478,2021
2024-04-01,ESP,3631,2088,1543
2024-05-01,ESP,3392,1988,1404
2024-06-01,ESP,4518,2454,2064
2020-01-01,EST,482,258,224
2020-02-01,EST,713,346,367
2020-03-01,EST,209,98,111
2020-04-01,EST,0,0,0
2020-05-01,EST,0,0,0
2020-06-01,EST,0,0,0
2020-07-01,EST,6,6,0
2020-08-01,EST,1,1,0
2020-09-01,EST,0,0,0
2020-10-01,EST,0,0,0
2020-11-01,EST,3,3,0
2020-12-01,EST,1,1,0
2021-01-01,EST,1,1,0
2021-02-01,EST,0,0,0
2021-03-01,EST,2,2,0
2021-04-01,EST,3,3,0
2021-05-01,EST,4,3,1
2021-06-01,EST,1,1,0
2021-07-01,EST,0,0,0
2021-08-01,EST,0,0,0
2021-09-01,EST,4,1,3
2021-10-01,EST,1,1,0
2021-11-01,EST,7,7,0
2021-12-01,EST,4,3,1
2022-01-01,EST,7,4,3
2022-02-01,EST,4,2,2
2022-03-01,EST,9,8,1
2022-04-01,EST,32,17,15
2022-05-01,EST,50,31,19
2022-06-01,EST,47,22,25
2022-07-01,EST,39,20,19
2022-08-01,EST,87,37,50
2022-09-01,EST,99,64,35
2022-10-01,EST,161,90,71
2022-11-01,EST,172,99,73
2022-12-01,EST,305,133,172
2023-01-01,EST,343,177,166
2023-02-01,EST,535,283,252
2023-03-01,EST,428,219,209
2023-04-01,EST,216,130,86
2023-05-01,EST,173,93,80
2023-06-01,EST,95,50,45
2023-07-01,EST,126,65,61
2023-08-01,EST,117,56,61
2023-09-01,EST,148,94,54
2023-10-01,EST,264,133,131
2023-11-01,EST,376,193,183
2023-12-01,EST,510,254,256
2024-01-01,EST,627,302,325
2024-02-01,EST,816,391,425
2024-03-01,EST,550,282,268
2024-04-01,EST,205,116,89
2024-05-01,EST,133,80,53
2024-06-01,EST,139,82,57
2020-01-01,ETH,48,29,19
2020-02-01,ETH,39,26,13
2020-03-01,ETH,13,6,7
2020-04-01,ETH,0,0,0
2020-05-01,ETH,0,0,0
2020-06-01,ETH,0,0,0
2020-07-01,ETH,3,3,0
2020-08-01,ETH,2,1,1
2020-09-01,ETH,1,1,0
2020-10-01,ETH,0,0,0
2020-11-01,ETH,0,0,0
2020-12-01,ETH,3,3,0
2021-01-01,ETH,0,0,0
2021-02-01,ETH,0,0,0
2021-03-01,ETH,9,8,1
2021-04-01,ETH,4,2,2
2021-05-01,ETH,8,4,4
2021-06-01,ETH,4,2,2
2021-07-01,ETH,3,1,2
2021-08-01,ETH,1,1,0
2021-09-01,ETH,5,5,0
2021-10-01,ETH,4,2,2
2021-11-01,ETH,10,2,8
2021-12-01,ETH,3,2,1
2022-01-01,ETH,15,9,6
2022-02-01,ETH,5,5,0
2022-03-01,ETH,13,8,5
2022-04-01,ETH,6,4,2
2022-05-01,ETH,26,23,3
2022-06-01,ETH,20,14,6
2022-07-01,ETH,37,17,20
2022-08-01,ETH,35,20,15
2022-09-01,ETH,26,14,12
2022-10-01,ETH,60,52,8
2022-11-01,ETH,35,22,13
2022-12-01,ETH,20,13,7
2023-01-01,ETH,36,23,13
2023-02-01,ETH,32,26,6
2023-03-01,ETH,22,19,3
2023-04-01,ETH,21,14,7
2023-05-01,ETH,41,21,20
2023-06-01,ETH,39,24,15
2023-07-01,ETH,54,25,29
2023-08-01,ETH,50,25,25
2023-09-01,ETH,51,30,21
2023-10-01,ETH,61,42,19
2023-11-01,ETH,37,27,10
2023-12-01,ETH,28,15,13
2024-01-01,ETH,70,39,31
2024-02-01,ETH,58,48,10
2024-03-01,ETH,31,16,15
2024-04-01,ETH,31,23,8
2024-05-01,ETH,42,32,10
2024-06-01,ETH,39,22,17
2020-01-01,FIN,2424,1288,1136
2020-02-01,FIN,2498,1308,1190
2020-03-01,FIN,786,443,343
2020-04-01,FIN,2,2,0
2020-05-01,FIN,2,1,1
2020-06-01,FIN,0,0,0
2020-07-01,FIN,8,6,2
2020-08-01,FIN,10,5,5
2020-09-01,FIN,8,4,4
2020-10-01,FIN,2,1,1
2020-11-01,FIN,5,5,0
2020-12-01,FIN,8,7,1
2021-01-01,FIN,9,6,3
2021-02-01,FIN,12,8,4
2021-03-01,FIN,15,13,2
2021-04-01,FIN,6,4,2
2021-05-01,FIN,11,11,0
2021-06-01,FIN,7,5,2
2021-07-01,FIN,16,13,3
2021-08-01,FIN,16,12,4
2021-09-01,FIN,24,20,4
2021-10-01,FIN,12,7,5
2021-11-01,FIN,19,18,1
2021-12-01,FIN,36,25,11
2022-01-01,FIN,48,31,17
2022-02-01,FIN,24,20,4
2022-03-01,FIN,59,35,24
2022-04-01,FIN,277,180,97
2022-05-01,FIN,378,245,133
2022-06-01,FIN,374,251,123
2022-07-01,FIN,384,220,164
2022-08-01,FIN,318,195,123
2022-09-01,FIN,427,288,139
2022-10-01,FIN,715,417,298
2022-11-01,FIN,906,502,404
2022-12-01,FIN,881,494,387
2023-01-01,FIN,1245,724,521
2023-02-01,FIN,1163,665,498
2023-03-01,FIN,1125,634,491
2023-04-01,FIN,813,454,359
2023-05-01,FIN,558,342,216
2023-06-01,FIN,485,285,200
2023-07-01,FIN,602,340,262
2023-08-01,FIN,506,309,197
2023-09-01,FIN,583,371,212
2023-10-01,FIN,790,431,359
2023-11-01,FIN,1042,592,450
2023-12-01,FIN,1234,702,532
2024-01-01,FIN,1886,1041,845
2024-02-01,FIN,1689,894,795
2024-03-01,FIN,1444,770,674
2024-04-01,FIN,796,417,379
2024-05-01,FIN,699,411,288
2024-06-01,FIN,627,363,264
2020-01-01,FJI,237,122,115
2020-02-01,FJI,112,69,43
2020-03-01,FJI,29,15,14
2020-04-01,FJI,0,0,0
2020-05-01,FJI,0,0,0
2020-06-01,FJI,0,0,0
2020-07-01,FJI,0,0,0
2020-08-01,FJI,1,1,0
2020-09-01,FJI,0,0,0
2020-10-01,FJI,0,0,0
2020-11-01,FJI,1,0,1
2020-12-01,FJI,5,3,2
2021-01-01,FJI,0,0,0
2021-02-01,FJI,0,0,0
2021-03-01,FJI,1,0,1
2021-04-01,FJI,1,1,0
2021-05-01,FJI,0,0,0
2021-06-01,FJI,0,0,0
2021-07-01,FJI,0,0,0
2021-08-01,FJI,0,0,0
2021-09-01,FJI,0,0,0
2021-10-01,FJI,0,0,0
2021-11-01,FJI,2,0,2
2021-12-01,FJI,6,4,2
2022-01-01,FJI,2,0,2
2022-02-01,FJI,4,3,1
2022-03-01,FJI,3,1,2
2022-04-01,FJI,29,13,16
2022-05-01,FJI,35,19,16
2022-06-01,FJI,72,51,21
2022-07-01,FJI,105,49,56
2022-08-01,FJI,87,46,41
2022-09-01,FJI,134,70,64
2022-10-01,FJI,181,99,82
2022-11-01,FJI,109,68,41
2022-12-01,FJI,167,93,74
2023-01-01,FJI,139,62,77
2023-02-01,FJI,105,57,48
2023-03-01,FJI,150,83,67
2023-04-01,FJI,177,96,81
2023-05-01,FJI,210,124,86
2023-06-01,FJI,185,85,100
2023-07-01,FJI,215,117,98
2023-08-01,FJI,256,145,111
2023-09-01,FJI,325,174,151
2023-10-01,FJI,239,118,121
2023-11-01,FJI,189,100,89
2023-12-01,FJI,489,217,272
2024-01-01,FJI,329,160,169
2024-02-01,FJI,117,60,57
2024-03-01,FJI,159,74,85
2024-04-01,FJI,228,106,122
2024-05-01,FJI,369,168,201
2024-06-01,FJI,167,89,78
2020-01-01,FRA,12753,7853,4900
2020-02-01,FRA,14414,8544,5870
2020-03-01,FRA,6280,3756,2524
2020-04-01,FRA,3,2,1
2020-05-01,FRA,7,7,0
2020-06-01,FRA,26,21,5
2020-07-01,FRA,64,42,22
2020-08-01,FRA,121,73,48
2020-09-01,FRA,87,60,27
2020-10-01,FRA,80,50,30
2020-11-01,FRA,46,37,9
2020-12-01,FRA,58,38,20
2021-01-01,FRA,119,88,31
2021-02-01,FRA,52,38,14
2021-03-01,FRA,79,64,15
2021-04-01,FRA,68,54,14
2021-05-01,FRA,80,60,20
2021-06-01,FRA,50,41,9
2021-07-01,FRA,102,75,27
2021-08-01,FRA,423,248,175
2021-09-01,FRA,250,173,77
2021-10-01,FRA,185,123,62
2021-11-01,FRA,171,125,46
2021-12-01,FRA,398,272,126
2022-01-01,FRA,677,491,186
2022-02-01,FRA,413,287,126
2022-03-01,FRA,630,469,161
2022-04-01,FRA,3129,2039,1090
2022-05-01,FRA,4967,3145,1822
2022-06-01,FRA,4908,3113,1795
2022-07-01,FRA,9552,5448,4104
2022-08-01,FRA,13949,7759,6190
2022-09-01,FRA,8145,4901,3244
2022-10-01,FRA,9373,5752,3621
2022-11-01,FRA,7046,4663,2383
2022-12-01,FRA,7267,4423,2844
2023-01-01,FRA,9004,5392,3612
2023-02-01,FRA,10655,6407,4248
2023-03-01,FRA,11311,6709,4602
2023-04-01,FRA,10501,6113,4388
2023-05-01,FRA,10627,6216,4411
2023-06-01,FRA,8143,4840,3303
2023-07-01,FRA,18945,10359,8586
2023-08-01,FRA,19840,10677,9163
2023-09-01,FRA,10430,6146,4284
2023-10-01,FRA,11030,6646,4384
2023-11-01,FRA,10388,6675,3713
2023-12-01,FRA,10954,6597,4357
2024-01-01,FRA,14055,8266,5789
2024-02-01,FRA,17370,9777,7593
2024-03-01,FRA,15009,8785,6224
2024-04-01,FRA,14838,8229,6609
2024-05-01,FRA,13475,7702,5773
2024-06-01,FRA,13429,7591,5838
2020-01-01,FSM,3,2,1
2020-02-01,FSM,0,0,0
2020-03-01,FSM,0,0,0
2020-04-01,FSM,0,0,0
2020-05-01,FSM,0,0,0
2020-06-01,FSM,0,0,0
2020-07-01,FSM,0,0,0
2020-08-01,FSM,0,0,0
2020-09-01,FSM,0,0,0
2020-10-01,FSM,0,0,0
2020-11-01,FSM,0,0,0
2020-12-01,FSM,0,0,0
2021-01-01,FSM,0,0,0
2021-02-01,FSM,0,0,0
2021-03-01,FSM,0,0,0
2021-04-01,FSM,0,0,0
2021-05-01,FSM,0,0,0
2021-06-01,FSM,0,0,0
2021-07-01,FSM,0,0,0
2021-08-01,FSM,0,0,0
2021-09-01,FSM,0,0,0
2021-10-01,FSM,0,0,0
2021-11-01,FSM,0,0,0
2021-12-01,FSM,0,0,0
2022-01-01,FSM,0,0,0
2022-02-01,FSM,0,0,0
2022-03-01,FSM,0,0,0
2022-04-01,FSM,0,0,0
2022-05-01,FSM,0,0,0
2022-06-01,FSM,0,0,0
2022-07-01,FSM,0,0,0
2022-08-01,FSM,1,0,1
2022-09-01,FSM,0,0,0
2022-10-01,FSM,1,1,0
2022-11-01,FSM,0,0,0
2022-12-01,FSM,0,0,0
2023-01-01,FSM,0,0,0
2023-02-01,FSM,0,0,0
2023-03-01,FSM,1,0,1
2023-04-01,FSM,0,0,0
2023-05-01,FSM,0,0,0
2023-06-01,FSM,2,1,1
2023-07-01,FSM,0,0,0
2023-08-01,FSM,0,0,0
2023-09-01,FSM,1,1,0
2023-10-01,FSM,1,0,1
2023-11-01,FSM,10,5,5
2023-12-01,FSM,0,0,0
2024-01-01,FSM,2,2,0
2024-02-01,FSM,1,0,1
2024-03-01,FSM,3,3,0
2024-04-01,FSM,0,0,0
2024-05-01,FSM,2,0,2
2024-06-01,FSM,1,0,1
2020-01-01,GAB,4,2,2
2020-02-01,GAB,6,4,2
2020-03-01,GAB,5,3,2
2020-04-01,GAB,0,0,0
2020-05-01,GAB,0,0,0
2020-06-01,GAB,0,0,0
2020-07-01,GAB,0,0,0
2020-08-01,GAB,1,1,0
2020-09-01,GAB,0,0,0
2020-10-01,GAB,0,0,0
2020-11-01,GAB,0,0,0
2020-12-01,GAB,0,0,0
2021-01-01,GAB,1,1,0
2021-02-01,GAB,0,0,0
2021-03-01,GAB,1,1,0
2021-04-01,GAB,1,1,0
2021-05-01,GAB,0,0,0
2021-06-01,GAB,0,0,0
2021-07-01,GAB,0,0,0
2021-08-01,GAB,0,0,0
2021-09-01,GAB,2,1,1
2021-10-01,GAB,1,1,0
2021-11-01,GAB,1,1,0
2021-12-01,GAB,1,1,0
2022-01-01,GAB,2,1,1
2022-02-01,GAB,1,0,1
2022-03-01,GAB,1,0,1
2022-04-01,GAB,8,1,7
2022-05-01,GAB,1,1,0
2022-06-01,GAB,2,2,0
2022-07-01,GAB,7,5,2
2022-08-01,GAB,17,8,9
2022-09-01,GAB,8,6,2
2022-10-01,GAB,14,8,6
2022-11-01,GAB,1,1,0
2022-12-01,GAB,6,0,6
2023-01-01,GAB,11,7,4
2023-02-01,GAB,2,1,1
2023-03-01,GAB,4,2,2
2023-04-01,GAB,4,4,0
2023-05-01,GAB,13,8,5
2023-06-01,GAB,9,3,6
2023-07-01,GAB,8,6,2
2023-08-01,GAB,9,3,6
2023-09-01,GAB,43,38,5
2023-10-01,GAB,11,4,7
2023-11-01,GAB,12,7,5
2023-12-01,GAB,8,4,4
2024-01-01,GAB,11,6,5
2024-02-01,GAB,13,9,4
2024-03-01,GAB,6,4,2
2024-04-01,GAB,12,5,7
2024-05-01,GAB,14,9,5
2024-06-01,GAB,5,2,3
2020-01-01,GBR,31639,20025,11614
2020-02-01,GBR,28520,17768,10752
2020-03-01,GBR,13306,8263,5043
2020-04-01,GBR,18,15,3
2020-05-01,GBR,59,56,3
2020-06-01,GBR,101,85,16
2020-07-01,GBR,271,203,68
2020-08-01,GBR,365,224,141
2020-09-01,GBR,246,192,54
2020-10-01,GBR,219,166,53
2020-11-01,GBR,242,201,41
2020-12-01,GBR,190,140,50
2021-01-01,GBR,243,192,51
2021-02-01,GBR,256,225,31
2021-03-01,GBR,238,191,47
2021-04-01,GBR,230,194,36
2021-05-01,GBR,246,214,32
2021-06-01,GBR,149,118,31
2021-07-01,GBR,396,255,141
2021-08-01,GBR,662,381,281
2021-09-01,GBR,369,284,85
2021-10-01,GBR,372,253,119
2021-11-01,GBR,455,347,108
2021-12-01,GBR,1391,904,487
2022-01-01,GBR,1798,1157,641
2022-02-01,GBR,989,679,310
2022-03-01,GBR,1357,993,364
2022-04-01,GBR,8297,5332,2965
2022-05-01,GBR,11114,7310,3804
2022-06-01,GBR,12646,8199,4447
2022-07-01,GBR,20099,11826,8273
2022-08-01,GBR,23627,13994,9633
2022-09-01,GBR,17771,11269,6502
2022-10-01,GBR,23481,14415,9066
2022-11-01,GBR,20416,12976,7440
2022-12-01,GBR,22403,13347,9056
2023-01-01,GBR,25040,15086,9954
2023-02-01,GBR,23886,14643,9243
2023-03-01,GBR,27052,16234,10818
2023-04-01,GBR,28367,16346,12021
2023-05-01,GBR,22963,14011,8952
2023-06-01,GBR,19438,11961,7477
2023-07-01,GBR,33270,19136,14134
2023-08-01,GBR,33345,19164,14181
2023-09-01,GBR,23628,14879,8749
2023-10-01,GBR,26957,16500,10457
2023-11-01,GBR,26501,16709,9792
2023-12-01,GBR,35206,20562,14644
2024-01-01,GBR,35792,21058,14734
2024-02-01,GBR,39306,22750,16556
2024-03-01,GBR,44040,25193,18847
2024-04-01,GBR,34606,19757,14849
2024-05-01,GBR,27973,16962,11011
2024-06-01,GBR,28668,17163,11505
2020-01-01,GEO,57,30,27
2020-02-01,GEO,57,40,17
2020-03-01,GEO,19,17,2
2020-04-01,GEO,0,0,0
2020-05-01,GEO,0,0,0
2020-06-01,GEO,1,1,0
2020-07-01,GEO,30,30,0
2020-08-01,GEO,3,3,0
2020-09-01,GEO,7,7,0
2020-10-01,GEO,9,8,1
2020-11-01,GEO,7,5,2
2020-12-01,GEO,5,5,0
2021-01-01,GEO,2,2,0
2021-02-01,GEO,1,1,0
2021-03-01,GEO,5,5,0
2021-04-01,GEO,2,2,0
2021-05-01,GEO,0,0,0
2021-06-01,GEO,5,5,0
2021-07-01,GEO,2,2,0
2021-08-01,GEO,9,9,0
2021-09-01,GEO,3,3,0
2021-10-01,GEO,2,1,1
2021-11-01,GEO,2,2,0
2021-12-01,GEO,12,10,2
2022-01-01,GEO,10,10,0
2022-02-01,GEO,1,1,0
2022-03-01,GEO,14,14,0
2022-04-01,GEO,12,8,4
2022-05-01,GEO,26,11,15
2022-06-01,GEO,30,21,9
2022-07-01,GEO,19,12,7
2022-08-01,GEO,50,40,10
2022-09-01,GEO,66,54,12
2022-10-01,GEO,55,36,19
2022-11-01,GEO,45,32,13
2022-12-01,GEO,57,33,24
2023-01-01,GEO,57,34,23
2023-02-01,GEO,85,62,23
2023-03-01,GEO,93,64,29
2023-04-01,GEO,66,37,29
2023-05-01,GEO,62,37,25
2023-06-01,GEO,55,32,23
2023-07-01,GEO,56,39,17
2023-08-01,GEO,59,34,25
2023-09-01,GEO,79,49,30
2023-10-01,GEO,53,30,23
2023-11-01,GEO,64,40,24
2023-12-01,GEO,75,41,34
2024-01-01,GEO,106,58,48
2024-02-01,GEO,87,44,43
2024-03-01,GEO,78,36,42
2024-04-01,GEO,74,50,24
2024-05-01,GEO,90,40,50
2024-06-01,GEO,72,40,32
2020-01-01,GHA,100,65,35
2020-02-01,GHA,54,43,11
2020-03-01,GHA,21,15,6
2020-04-01,GHA,0,0,0
2020-05-01,GHA,0,0,0
2020-06-01,GHA,0,0,0
2020-07-01,GHA,0,0,0
2020-08-01,GHA,0,0,0
2020-09-01,GHA,5,0,5
2020-10-01,GHA,2,1,1
2020-11-01,GHA,2,1,1
2020-12-01,GHA,6,5,1
2021-01-01,GHA,7,7,0
2021-02-01,GHA,9,9,0
2021-03-01,GHA,9,5,4
2021-04-01,GHA,10,8,2
2021-05-01,GHA,8,6,2
2021-06-01,GHA,7,6,1
2021-07-01,GHA,2,2,0
2021-08-01,GHA,10,5,5
2021-09-01,GHA,5,3,2
2021-10-01,GHA,6,3,3
2021-11-01,GHA,2,1,1
2021-12-01,GHA,9,8,1
2022-01-01,GHA,15,12,3
2022-02-01,GHA,11,8,3
2022-03-01,GHA,5,4,1
2022-04-01,GHA,16,11,5
2022-05-01,GHA,20,15,5
2022-06-01,GHA,26,14,12
2022-07-01,GHA,37,29,8
2022-08-01,GHA,48,33,15
2022-09-01,GHA,62,49,13
2022-10-01,GHA,105,74,31
2022-11-01,GHA,89,42,47
2022-12-01,GHA,73,45,28
2023-01-01,GHA,61,51,10
2023-02-01,GHA,56,40,16
2023-03-01,GHA,80,60,20
2023-04-01,GHA,51,34,17
2023-05-01,GHA,70,53,17
2023-06-01,GHA,58,46,12
2023-07-01,GHA,69,54,15
2023-08-01,GHA,139,87,52
2023-09-01,GHA,126,97,29
2023-10-01,GHA,102,66,36
2023-11-01,GHA,131,88,43
2023-12-01,GHA,147,81,66
2024-01-01,GHA,79,60,19
2024-02-01,GHA,96,68,28
2024-03-01,GHA,117,87,30
2024-04-01,GHA,101,63,38
2024-05-01,GHA,201,122,79
2024-06-01,GHA,117,77,40
2020-01-01,GIB,0,0,0
2020-02-01,GIB,0,0,0
2020-03-01,GIB,0,0,0
2020-04-01,GIB,0,0,0
2020-05-01,GIB,0,0,0
2020-06-01,GIB,0,0,0
2020-07-01,GIB,0,0,0
2020-08-01,GIB,0,0,0
2020-09-01,GIB,0,0,0
2020-10-01,GIB,0,0,0
2020-11-01,GIB,0,0,0
2020-12-01,GIB,0,0,0
2021-01-01,GIB,0,0,0
2021-02-01,GIB,0,0,0
2021-03-01,GIB,0,0,0
2021-04-01,GIB,0,0,0
2021-05-01,GIB,0,0,0
2021-06-01,GIB,0,0,0
2021-07-01,GIB,0,0,0
2021-08-01,GIB,0,0,0
2021-09-01,GIB,0,0,0
2021-10-01,GIB,0,0,0
2021-11-01,GIB,0,0,0
2021-12-01,GIB,0,0,0
2022-01-01,GIB,0,0,0
2022-02-01,GIB,0,0,0
2022-03-01,GIB,0,0,0
2022-04-01,GIB,0,0,0
2022-05-01,GIB,0,0,0
2022-06-01,GIB,0,0,0
2022-07-01,GIB,1,0,1
2022-08-01,GIB,0,0,0
2022-09-01,GIB,0,0,0
2022-10-01,GIB,0,0,0
2022-11-01,GIB,0,0,0
2022-12-01,GIB,0,0,0
2023-01-01,GIB,0,0,0
2023-02-01,GIB,0,0,0
2023-03-01,GIB,0,0,0
2023-04-01,GIB,0,0,0
2023-05-01,GIB,0,0,0
2023-06-01,GIB,0,0,0
2023-07-01,GIB,0,0,0
2023-08-01,GIB,0,0,0
2023-09-01,GIB,0,0,0
2023-10-01,GIB,1,0,1
2023-11-01,GIB,0,0,0
2023-12-01,GIB,0,0,0
2024-01-01,GIB,0,0,0
2024-02-01,GIB,0,0,0
2024-03-01,GIB,0,0,0
2024-04-01,GIB,0,0,0
2024-05-01,GIB,0,0,0
2024-06-01,GIB,0,0,0
2020-01-01,GIN,98,86,12
2020-02-01,GIN,65,54,11
2020-03-01,GIN,26,19,7
2020-04-01,GIN,0,0,0
2020-05-01,GIN,0,0,0
2020-06-01,GIN,0,0,0
2020-07-01,GIN,0,0,0
2020-08-01,GIN,0,0,0
2020-09-01,GIN,1,1,0
2020-10-01,GIN,0,0,0
2020-11-01,GIN,0,0,0
2020-12-01,GIN,1,0,1
2021-01-01,GIN,0,0,0
2021-02-01,GIN,10,5,5
2021-03-01,GIN,11,4,7
2021-04-01,GIN,24,10,14
2021-05-01,GIN,6,4,2
2021-06-01,GIN,5,4,1
2021-07-01,GIN,1,1,0
2021-08-01,GIN,4,3,1
2021-09-01,GIN,11,6,5
2021-10-01,GIN,10,7,3
2021-11-01,GIN,4,4,0
2021-12-01,GIN,8,5,3
2022-01-01,GIN,16,11,5
2022-02-01,GIN,18,16,2
2022-03-01,GIN,11,8,3
2022-04-01,GIN,14,10,4
2022-05-01,GIN,30,19,11
2022-06-01,GIN,23,18,5
2022-07-01,GIN,23,19,4
2022-08-01,GIN,41,27,14
2022-09-01,GIN,29,26,3
2022-10-01,GIN,68,47,21
2022-11-01,GIN,51,39,12
2022-12-01,GIN,41,27,14
2023-01-01,GIN,54,39,15
2023-02-01,GIN,46,34,12
2023-03-01,GIN,60,44,16
2023-04-01,GIN,33,28,5
2023-05-01,GIN,78,62,16
2023-06-01,GIN,42,27,15
2023-07-01,GIN,61,44,17
2023-08-01,GIN,66,48,18
2023-09-01,GIN,83,59,24
2023-10-01,GIN,63,41,22
2023-11-01,GIN,66,46,20
2023-12-01,GIN,68,51,17
2024-01-01,GIN,75,47,28
2024-02-01,GIN,78,56,22
2024-03-01,GIN,53,40,13
2024-04-01,GIN,38,31,7
2024-05-01,GIN,68,51,17
2024-06-01,GIN,66,51,15
2020-01-01,GLP,0,0,0
2020-02-01,GLP,0,0,0
2020-03-01,GLP,1,1,0
2020-04-01,GLP,0,0,0
2020-05-01,GLP,0,0,0
2020-06-01,GLP,0,0,0
2020-07-01,GLP,0,0,0
2020-08-01,GLP,0,0,0
2020-09-01,GLP,0,0,0
2020-10-01,GLP,0,0,0
2020-11-01,GLP,0,0,0
2020-12-01,GLP,0,0,0
2021-01-01,GLP,0,0,0
2021-02-01,GLP,0,0,0
2021-03-01,GLP,0,0,0
2021-04-01,GLP,0,0,0
2021-05-01,GLP,0,0,0
2021-06-01,GLP,0,0,0
2021-07-01,GLP,0,0,0
2021-08-01,GLP,0,0,0
2021-09-01,GLP,0,0,0
2021-10-01,GLP,0,0,0
2021-11-01,GLP,0,0,0
2021-12-01,GLP,0,0,0
2022-01-01,GLP,0,0,0
2022-02-01,GLP,0,0,0
2022-03-01,GLP,0,0,0
2022-04-01,GLP,0,0,0
2022-05-01,GLP,0,0,0
2022-06-01,GLP,0,0,0
2022-07-01,GLP,0,0,0
2022-08-01,GLP,0,0,0
2022-09-01,GLP,0,0,0
2022-10-01,GLP,0,0,0
2022-11-01,GLP,0,0,0
2022-12-01,GLP,0,0,0
2023-01-01,GLP,0,0,0
2023-02-01,GLP,0,0,0
2023-03-01,GLP,0,0,0
2023-04-01,GLP,0,0,0
2023-05-01,GLP,0,0,0
2023-06-01,GLP,0,0,0
2023-07-01,GLP,0,0,0
2023-08-01,GLP,0,0,0
2023-09-01,GLP,0,0,0
2023-10-01,GLP,0,0,0
2023-11-01,GLP,0,0,0
2023-12-01,GLP,0,0,0
2024-01-01,GLP,0,0,0
2024-02-01,GLP,0,0,0
2024-03-01,GLP,0,0,0
2024-04-01,GLP,0,0,0
2024-05-01,GLP,0,0,0
2024-06-01,GLP,0,0,0
2020-01-01,GMB,80,60,20
2020-02-01,GMB,58,47,11
2020-03-01,GMB,33,26,7
2020-04-01,GMB,0,0,0
2020-05-01,GMB,0,0,0
2020-06-01,GMB,0,0,0
2020-07-01,GMB,1,0,1
2020-08-01,GMB,0,0,0
2020-09-01,GMB,0,0,0
2020-10-01,GMB,0,0,0
2020-11-01,GMB,1,0,1
2020-12-01,GMB,1,0,1
2021-01-01,GMB,1,0,1
2021-02-01,GMB,0,0,0
2021-03-01,GMB,1,1,0
2021-04-01,GMB,1,1,0
2021-05-01,GMB,2,1,1
2021-06-01,GMB,1,1,0
2021-07-01,GMB,0,0,0
2021-08-01,GMB,0,0,0
2021-09-01,GMB,6,4,2
2021-10-01,GMB,1,1,0
2021-11-01,GMB,3,1,2
2021-12-01,GMB,3,3,0
2022-01-01,GMB,5,4,1
2022-02-01,GMB,3,1,2
2022-03-01,GMB,10,3,7
2022-04-01,GMB,13,5,8
2022-05-01,GMB,9,6,3
2022-06-01,GMB,10,6,4
2022-07-01,GMB,6,3,3
2022-08-01,GMB,25,16,9
2022-09-01,GMB,13,10,3
2022-10-01,GMB,41,36,5
2022-11-01,GMB,13,7,6
2022-12-01,GMB,16,10,6
2023-01-01,GMB,12,9,3
2023-02-01,GMB,8,6,2
2023-03-01,GMB,19,12,7
2023-04-01,GMB,16,13,3
2023-05-01,GMB,32,24,8
2023-06-01,GMB,26,19,7
2023-07-01,GMB,38,35,3
2023-08-01,GMB,42,30,12
2023-09-01,GMB,28,19,9
2023-10-01,GMB,40,31,9
2023-11-01,GMB,29,21,8
2023-12-01,GMB,26,18,8
2024-01-01,GMB,36,31,5
2024-02-01,GMB,28,19,9
2024-03-01,GMB,24,20,4
2024-04-01,GMB,20,16,4
2024-05-01,GMB,31,23,8
2024-06-01,GMB,32,14,18
2020-01-01,GNB,5,5,0
2020-02-01,GNB,2,2,0
2020-03-01,GNB,1,1,0
2020-04-01,GNB,0,0,0
2020-05-01,GNB,0,0,0
2020-06-01,GNB,0,0,0
2020-07-01,GNB,0,0,0
2020-08-01,GNB,0,0,0
2020-09-01,GNB,0,0,0
2020-10-01,GNB,0,0,0
2020-11-01,GNB,0,0,0
2020-12-01,GNB,0,0,0
2021-01-01,GNB,0,0,0
2021-02-01,GNB,0,0,0
2021-03-01,GNB,0,0,0
2021-04-01,GNB,0,0,0
2021-05-01,GNB,0,0,0
2021-06-01,GNB,0,0,0
2021-07-01,GNB,0,0,0
2021-08-01,GNB,0,0,0
2021-09-01,GNB,0,0,0
2021-10-01,GNB,0,0,0
2021-11-01,GNB,0,0,0
2021-12-01,GNB,0,0,0
2022-01-01,GNB,0,0,0
2022-02-01,GNB,0,0,0
2022-03-01,GNB,1,1,0
2022-04-01,GNB,0,0,0
2022-05-01,GNB,0,0,0
2022-06-01,GNB,0,0,0
2022-07-01,GNB,0,0,0
2022-08-01,GNB,0,0,0
2022-09-01,GNB,0,0,0
2022-10-01,GNB,2,1,1
2022-11-01,GNB,0,0,0
2022-12-01,GNB,0,0,0
2023-01-01,GNB,0,0,0
2023-02-01,GNB,0,0,0
2023-03-01,GNB,3,3,0
2023-04-01,GNB,1,1,0
2023-05-01,GNB,1,1,0
2023-06-01,GNB,1,1,0
2023-07-01,GNB,0,0,0
2023-08-01,GNB,1,1,0
2023-09-01,GNB,1,1,0
2023-10-01,GNB,0,0,0
2023-11-01,GNB,1,0,1
2023-12-01,GNB,0,0,0
2024-01-01,GNB,1,1,0
2024-02-01,GNB,0,0,0
2024-03-01,GNB,1,1,0
2024-04-01,GNB,2,1,1
2024-05-01,GNB,1,1,0
2024-06-01,GNB,1,1,0
2020-01-01,GNQ,7,4,3
2020-02-01,GNQ,1,0,1
2020-03-01,GNQ,0,0,0
2020-04-01,GNQ,0,0,0
2020-05-01,GNQ,0,0,0
2020-06-01,GNQ,0,0,0
2020-07-01,GNQ,0,0,0
2020-08-01,GNQ,0,0,0
2020-09-01,GNQ,0,0,0
2020-10-01,GNQ,0,0,0
2020-11-01,GNQ,0,0,0
2020-12-01,GNQ,1,0,1
2021-01-01,GNQ,0,0,0
2021-02-01,GNQ,0,0,0
2021-03-01,GNQ,0,0,0
2021-04-01,GNQ,2,1,1
2021-05-01,GNQ,1,0,1
2021-06-01,GNQ,1,0,1
2021-07-01,GNQ,0,0,0
2021-08-01,GNQ,0,0,0
2021-09-01,GNQ,0,0,0
2021-10-01,GNQ,0,0,0
2021-11-01,GNQ,0,0,0
2021-12-01,GNQ,8,6,2
2022-01-01,GNQ,4,4,0
2022-02-01,GNQ,0,0,0
2022-03-01,GNQ,0,0,0
2022-04-01,GNQ,0,0,0
2022-05-01,GNQ,0,0,0
2022-06-01,GNQ,1,1,0
2022-07-01,GNQ,1,1,0
2022-08-01,GNQ,1,0,1
2022-09-01,GNQ,0,0,0
2022-10-01,GNQ,0,0,0
2022-11-01,GNQ,1,1,0
2022-12-01,GNQ,0,0,0
2023-01-01,GNQ,4,1,3
2023-02-01,GNQ,1,1,0
2023-03-01,GNQ,2,2,0
2023-04-01,GNQ,2,0,2
2023-05-01,GNQ,0,0,0
2023-06-01,GNQ,1,1,0
2023-07-01,GNQ,3,0,3
2023-08-01,GNQ,2,1,1
2023-09-01,GNQ,0,0,0
2023-10-01,GNQ,3,2,1
2023-11-01,GNQ,0,0,0
2023-12-01,GNQ,1,1,0
2024-01-01,GNQ,2,2,0
2024-02-01,GNQ,2,1,1
2024-03-01,GNQ,3,1,2
2024-04-01,GNQ,3,2,1
2024-05-01,GNQ,2,1,1
2024-06-01,GNQ,2,1,1
2020-01-01,GRC,396,278,118
2020-02-01,GRC,361,264,97
2020-03-01,GRC,135,97,38
2020-04-01,GRC,0,0,0
2020-05-01,GRC,0,0,0
2020-06-01,GRC,2,1,1
2020-07-01,GRC,35,32,3
2020-08-01,GRC,15,14,1
2020-09-01,GRC,7,6,1
2020-10-01,GRC,14,13,1
2020-11-01,GRC,5,3,2
2020-12-01,GRC,6,6,0
2021-01-01,GRC,1,1,0
2021-02-01,GRC,6,5,1
2021-03-01,GRC,5,5,0
2021-04-01,GRC,9,8,1
2021-05-01,GRC,15,15,0
2021-06-01,GRC,5,4,1
2021-07-01,GRC,12,11,1
2021-08-01,GRC,10,7,3
2021-09-01,GRC,13,12,1
2021-10-01,GRC,9,7,2
2021-11-01,GRC,15,14,1
2021-12-01,GRC,8,8,0
2022-01-01,GRC,9,6,3
2022-02-01,GRC,10,10,0
2022-03-01,GRC,26,22,4
2022-04-01,GRC,85,67,18
2022-05-01,GRC,104,81,23
2022-06-01,GRC,127,101,26
2022-07-01,GRC,146,101,45
2022-08-01,GRC,256,161,95
2022-09-01,GRC,186,138,48
2022-10-01,GRC,214,149,65
2022-11-01,GRC,283,217,66
2022-12-01,GRC,230,153,77
2023-01-01,GRC,309,221,88
2023-02-01,GRC,397,287,110
2023-03-01,GRC,367,266,101
2023-04-01,GRC,322,214,108
2023-05-01,GRC,246,197,49
2023-06-01,GRC,205,160,45
2023-07-01,GRC,254,178,76
2023-08-01,GRC,507,322,185
2023-09-01,GRC,298,234,64
2023-10-01,GRC,369,264,105
2023-11-01,GRC,400,281,119
2023-12-01,GRC,569,340,229
2024-01-01,GRC,535,346,189
2024-02-01,GRC,462,286,176
2024-03-01,GRC,463,318,145
2024-04-01,GRC,381,249,132
2024-05-01,GRC,347,238,109
2024-06-01,GRC,316,230,86
2020-01-01,GRD,38,26,12
2020-02-01,GRD,15,10,5
2020-03-01,GRD,7,7,0
2020-04-01,GRD,0,0,0
2020-05-01,GRD,0,0,0
2020-06-01,GRD,0,0,0
2020-07-01,GRD,0,0,0
2020-08-01,GRD,0,0,0
2020-09-01,GRD,0,0,0
2020-10-01,GRD,0,0,0
2020-11-01,GRD,0,0,0
2020-12-01,GRD,0,0,0
2021-01-01,GRD,0,0,0
2021-02-01,GRD,0,0,0
2021-03-01,GRD,0,0,0
2021-04-01,GRD,0,0,0
2021-05-01,GRD,0,0,0
2021-06-01,GRD,1,1,0
2021-07-01,GRD,0,0,0
2021-08-01,GRD,0,0,0
2021-09-01,GRD,0,0,0
2021-10-01,GRD,3,1,2
2021-11-01,GRD,0,0,0
2021-12-01,GRD,0,0,0
2022-01-01,GRD,1,0,1
2022-02-01,GRD,0,0,0
2022-03-01,GRD,4,3,1
2022-04-01,GRD,10,8,2
2022-05-01,GRD,7,5,2
2022-06-01,GRD,9,8,1
2022-07-01,GRD,15,7,8
2022-08-01,GRD,25,17,8
2022-09-01,GRD,18,14,4
2022-10-01,GRD,18,11,7
2022-11-01,GRD,15,12,3
2022-12-01,GRD,15,12,3
2023-01-01,GRD,32,18,14
2023-02-01,GRD,10,9,1
2023-03-01,GRD,13,11,2
2023-04-01,GRD,16,11,5
2023-05-01,GRD,13,10,3
2023-06-01,GRD,14,5,9
2023-07-01,GRD,26,15,11
2023-08-01,GRD,31,22,9
2023-09-01,GRD,14,10,4
2023-10-01,GRD,32,22,10
2023-11-01,GRD,12,9,3
2023-12-01,GRD,14,7,7
2024-01-01,GRD,21,15,6
2024-02-01,GRD,11,7,4
2024-03-01,GRD,12,11,1
2024-04-01,GRD,17,9,8
2024-05-01,GRD,20,17,3
2024-06-01,GRD,16,11,5
2020-01-01,GRL,0,0,0
2020-02-01,GRL,0,0,0
2020-03-01,GRL,0,0,0
2020-04-01,GRL,0,0,0
2020-05-01,GRL,0,0,0
2020-06-01,GRL,0,0,0
2020-07-01,GRL,0,0,0
2020-08-01,GRL,0,0,0
2020-09-01,GRL,0,0,0
2020-10-01,GRL,0,0,0
2020-11-01,GRL,0,0,0
2020-12-01,GRL,0,0,0
2021-01-01,GRL,0,0,0
2021-02-01,GRL,0,0,0
2021-03-01,GRL,0,0,0
2021-04-01,GRL,0,0,0
2021-05-01,GRL,0,0,0
2021-06-01,GRL,0,0,0
2021-07-01,GRL,0,0,0
2021-08-01,GRL,0,0,0
2021-09-01,GRL,0,0,0
2021-10-01,GRL,0,0,0
2021-11-01,GRL,0,0,0
2021-12-01,GRL,0,0,0
2022-01-01,GRL,0,0,0
2022-02-01,GRL,0,0,0
2022-03-01,GRL,0,0,0
2022-04-01,GRL,0,0,0
2022-05-01,GRL,0,0,0
2022-06-01,GRL,0,0,0
2022-07-01,GRL,0,0,0
2022-08-01,GRL,0,0,0
2022-09-01,GRL,0,0,0
2022-10-01,GRL,0,0,0
2022-11-01,GRL,0,0,0
2022-12-01,GRL,0,0,0
2023-01-01,GRL,0,0,0
2023-02-01,GRL,0,0,0
2023-03-01,GRL,0,0,0
2023-04-01,GRL,0,0,0
2023-05-01,GRL,0,0,0
2023-06-01,GRL,0,0,0
2023-07-01,GRL,1,1,0
2023-08-01,GRL,0,0,0
2023-09-01,GRL,1,0,1
2023-10-01,GRL,0,0,0
2023-11-01,GRL,0,0,0
2023-12-01,GRL,0,0,0
2024-01-01,GRL,0,0,0
2024-02-01,GRL,1,0,1
2024-03-01,GRL,1,1,0
2024-04-01,GRL,0,0,0
2024-05-01,GRL,0,0,0
2024-06-01,GRL,0,0,0
2020-01-01,GTM,27,15,12
2020-02-01,GTM,17,11,6
2020-03-01,GTM,2,2,0
2020-04-01,GTM,0,0,0
2020-05-01,GTM,0,0,0
2020-06-01,GTM,0,0,0
2020-07-01,GTM,0,0,0
2020-08-01,GTM,0,0,0
2020-09-01,GTM,0,0,0
2020-10-01,GTM,0,0,0
2020-11-01,GTM,0,0,0
2020-12-01,GTM,0,0,0
2021-01-01,GTM,0,0,0
2021-02-01,GTM,0,0,0
2021-03-01,GTM,0,0,0
2021-04-01,GTM,0,0,0
2021-05-01,GTM,0,0,0
2021-06-01,GTM,1,1,0
2021-07-01,GTM,0,0,0
2021-08-01,GTM,0,0,0
2021-09-01,GTM,0,0,0
2021-10-01,GTM,2,2,0
2021-11-01,GTM,0,0,0
2021-12-01,GTM,0,0,0
2022-01-01,GTM,1,1,0
2022-02-01,GTM,1,0,1
2022-03-01,GTM,2,1,1
2022-04-01,GTM,7,5,2
2022-05-01,GTM,14,2,12
2022-06-01,GTM,15,5,10
2022-07-01,GTM,10,7,3
2022-08-01,GTM,12,10,2
2022-09-01,GTM,11,5,6
2022-10-01,GTM,13,6,7
2022-11-01,GTM,16,10,6
2022-12-01,GTM,16,10,6
2023-01-01,GTM,20,11,9
2023-02-01,GTM,23,10,13
2023-03-01,GTM,32,17,15
2023-04-01,GTM,75,37,38
2023-05-01,GTM,26,13,13
2023-06-01,GTM,18,10,8
2023-07-01,GTM,24,20,4
2023-08-01,GTM,23,13,10
2023-09-01,GTM,63,28,35
2023-10-01,GTM,48,27,21
2023-11-01,GTM,77,47,30
2023-12-01,GTM,47,24,23
2024-01-01,GTM,24,12,12
2024-02-01,GTM,29,18,11
2024-03-01,GTM,36,23,13
2024-04-01,GTM,30,16,14
2024-05-01,GTM,31,20,11
2024-06-01,GTM,34,23,11
2020-01-01,GUY,10,6,4
2020-02-01,GUY,5,2,3
2020-03-01,GUY,3,3,0
2020-04-01,GUY,0,0,0
2020-05-01,GUY,0,0,0
2020-06-01,GUY,0,0,0
2020-07-01,GUY,0,0,0
2020-08-01,GUY,0,0,0
2020-09-01,GUY,0,0,0
2020-10-01,GUY,0,0,0
2020-11-01,GUY,0,0,0
2020-12-01,GUY,0,0,0
2021-01-01,GUY,0,0,0
2021-02-01,GUY,0,0,0
2021-03-01,GUY,0,0,0
2021-04-01,GUY,0,0,0
2021-05-01,GUY,0,0,0
2021-06-01,GUY,0,0,0
2021-07-01,GUY,0,0,0
2021-08-01,GUY,0,0,0
2021-09-01,GUY,0,0,0
2021-10-01,GUY,0,0,0
2021-11-01,GUY,0,0,0
2021-12-01,GUY,0,0,0
2022-01-01,GUY,0,0,0
2022-02-01,GUY,0,0,0
2022-03-01,GUY,0,0,0
2022-04-01,GUY,0,0,0
2022-05-01,GUY,1,1,0
2022-06-01,GUY,5,4,1
2022-07-01,GUY,1,0,1
2022-08-01,GUY,6,5,1
2022-09-01,GUY,2,1,1
2022-10-01,GUY,3,1,2
2022-11-01,GUY,4,3,1
2022-12-01,GUY,6,4,2
2023-01-01,GUY,0,0,0
2023-02-01,GUY,16,8,8
2023-03-01,GUY,6,3,3
2023-04-01,GUY,3,3,0
2023-05-01,GUY,5,2,3
2023-06-01,GUY,4,2,2
2023-07-01,GUY,5,1,4
2023-08-01,GUY,9,5,4
2023-09-01,GUY,7,5,2
2023-10-01,GUY,3,0,3
2023-11-01,GUY,17,10,7
2023-12-01,GUY,16,10,6
2024-01-01,GUY,8,7,1
2024-02-01,GUY,13,8,5
2024-03-01,GUY,15,8,7
2024-04-01,GUY,8,5,3
2024-05-01,GUY,12,7,5
2024-06-01,GUY,4,3,1
2020-01-01,HKG,35,19,16
2020-02-01,HKG,30,16,14
2020-03-01,HKG,9,5,4
2020-04-01,HKG,0,0,0
2020-05-01,HKG,0,0,0
2020-06-01,HKG,0,0,0
2020-07-01,HKG,7,6,1
2020-08-01,HKG,2,1,1
2020-09-01,HKG,0,0,0
2020-10-01,HKG,0,0,0
2020-11-01,HKG,2,1,1
2020-12-01,HKG,14,10,4
2021-01-01,HKG,7,5,2
2021-02-01,HKG,3,2,1
2021-03-01,HKG,5,2,3
2021-04-01,HKG,1,1,0
2021-05-01,HKG,1,1,0
2021-06-01,HKG,0,0,0
2021-07-01,HKG,2,1,1
2021-08-01,HKG,3,1,2
2021-09-01,HKG,11,8,3
2021-10-01,HKG,50,47,3
2021-11-01,HKG,44,39,5
2021-12-01,HKG,47,40,7
2022-01-01,HKG,31,22,9
2022-02-01,HKG,41,36,5
2022-03-01,HKG,50,33,17
2022-04-01,HKG,109,58,51
2022-05-01,HKG,255,147,108
2022-06-01,HKG,290,144,146
2022-07-01,HKG,153,76,77
2022-08-01,HKG,115,66,49
2022-09-01,HKG,40,23,17
2022-10-01,HKG,114,62,52
2022-11-01,HKG,58,31,27
2022-12-01,HKG,124,68,56
2023-01-01,HKG,64,32,32
2023-02-01,HKG,49,26,23
2023-03-01,HKG,163,79,84
2023-04-01,HKG,136,53,83
2023-05-01,HKG,116,55,61
2023-06-01,HKG,71,23,48
2023-07-01,HKG,107,62,45
2023-08-01,HKG,57,29,28
2023-09-01,HKG,114,49,65
2023-10-01,HKG,32,19,13
2023-11-01,HKG,158,77,81
2023-12-01,HKG,9278,4341,4937
2024-01-01,HKG,13142,5766,7376
2024-02-01,HKG,1561,717,844
2024-03-01,HKG,433,195,238
2024-04-01,HKG,131,64,67
2024-05-01,HKG,207,105,102
2024-06-01,HKG,168,97,71
2020-01-01,HMD,0,0,0
2020-02-01,HMD,0,0,0
2020-03-01,HMD,0,0,0
2020-04-01,HMD,0,0,0
2020-05-01,HMD,0,0,0
2020-06-01,HMD,0,0,0
2020-07-01,HMD,0,0,0
2020-08-01,HMD,0,0,0
2020-09-01,HMD,0,0,0
2020-10-01,HMD,0,0,0
2020-11-01,HMD,0,0,0
2020-12-01,HMD,0,0,0
2021-01-01,HMD,0,0,0
2021-02-01,HMD,0,0,0
2021-03-01,HMD,0,0,0
2021-04-01,HMD,0,0,0
2021-05-01,HMD,0,0,0
2021-06-01,HMD,0,0,0
2021-07-01,HMD,0,0,0
2021-08-01,HMD,0,0,0
2021-09-01,HMD,0,0,0
2021-10-01,HMD,0,0,0
2021-11-01,HMD,0,0,0
2021-12-01,HMD,0,0,0
2022-01-01,HMD,0,0,0
2022-02-01,HMD,0,0,0
2022-03-01,HMD,0,0,0
2022-04-01,HMD,0,0,0
2022-05-01,HMD,0,0,0
2022-06-01,HMD,0,0,0
2022-07-01,HMD,0,0,0
2022-08-01,HMD,0,0,0
2022-09-01,HMD,0,0,0
2022-10-01,HMD,0,0,0
2022-11-01,HMD,0,0,0
2022-12-01,HMD,0,0,0
2023-01-01,HMD,0,0,0
2023-02-01,HMD,0,0,0
2023-03-01,HMD,0,0,0
2023-04-01,HMD,0,0,0
2023-05-01,HMD,0,0,0
2023-06-01,HMD,0,0,0
2023-07-01,HMD,0,0,0
2023-08-01,HMD,1,0,1
2023-09-01,HMD,0,0,0
2023-10-01,HMD,0,0,0
2023-11-01,HMD,0,0,0
2023-12-01,HMD,0,0,0
2024-01-01,HMD,0,0,0
2024-02-01,HMD,0,0,0
2024-03-01,HMD,0,0,0
2024-04-01,HMD,0,0,0
2024-05-01,HMD,0,0,0
2024-06-01,HMD,0,0,0
2020-01-01,HND,34,19,15
2020-02-01,HND,23,16,7
2020-03-01,HND,10,5,5
2020-04-01,HND,0,0,0
2020-05-01,HND,0,0,0
2020-06-01,HND,0,0,0
2020-07-01,HND,2,2,0
2020-08-01,HND,0,0,0
2020-09-01,HND,0,0,0
2020-10-01,HND,3,3,0
2020-11-01,HND,0,0,0
2020-12-01,HND,5,5,0
2021-01-01,HND,1,0,1
2021-02-01,HND,1,1,0
2021-03-01,HND,0,0,0
2021-04-01,HND,5,5,0
2021-05-01,HND,0,0,0
2021-06-01,HND,2,2,0
2021-07-01,HND,0,0,0
2021-08-01,HND,2,1,1
2021-09-01,HND,0,0,0
2021-10-01,HND,2,2,0
2021-11-01,HND,0,0,0
2021-12-01,HND,0,0,0
2022-01-01,HND,1,0,1
2022-02-01,HND,0,0,0
2022-03-01,HND,0,0,0
2022-04-01,HND,13,8,5
2022-05-01,HND,5,2,3
2022-06-01,HND,8,5,3
2022-07-01,HND,14,7,7
2022-08-01,HND,11,5,6
2022-09-01,HND,15,5,10
2022-10-01,HND,21,10,11
2022-11-01,HND,13,8,5
2022-12-01,HND,13,6,7
2023-01-01,HND,28,12,16
2023-02-01,HND,31,21,10
2023-03-01,HND,14,3,11
2023-04-01,HND,24,12,12
2023-05-01,HND,8,6,2
2023-06-01,HND,17,11,6
2023-07-01,HND,24,21,3
2023-08-01,HND,19,10,9
2023-09-01,HND,30,21,9
2023-10-01,HND,25,17,8
2023-11-01,HND,33,21,12
2023-12-01,HND,13,10,3
2024-01-01,HND,29,21,8
2024-02-01,HND,25,12,13
2024-03-01,HND,25,15,10
2024-04-01,HND,25,18,7
2024-05-01,HND,22,13,9
2024-06-01,HND,19,10,9
2020-01-01,HRV,458,285,173
2020-02-01,HRV,320,222,98
2020-03-01,HRV,89,69,20
2020-04-01,HRV,2,2,0
2020-05-01,HRV,8,8,0
2020-06-01,HRV,1,1,0
2020-07-01,HRV,44,44,0
2020-08-01,HRV,24,23,1
2020-09-01,HRV,13,11,2
2020-10-01,HRV,10,9,1
2020-11-01,HRV,14,14,0
2020-12-01,HRV,18,18,0
2021-01-01,HRV,48,48,0
2021-02-01,HRV,63,62,1
2021-03-01,HRV,49,45,4
2021-04-01,HRV,15,13,2
2021-05-01,HRV,43,41,2
2021-06-01,HRV,21,21,0
2021-07-01,HRV,13,13,0
2021-08-01,HRV,25,24,1
2021-09-01,HRV,22,18,4
2021-10-01,HRV,11,11,0
2021-11-01,HRV,19,18,1
2021-12-01,HRV,12,11,1
2022-01-01,HRV,34,32,2
2022-02-01,HRV,31,30,1
2022-03-01,HRV,36,32,4
2022-04-01,HRV,58,40,18
2022-05-01,HRV,88,75,13
2022-06-01,HRV,77,64,13
2022-07-01,HRV,127,86,41
2022-08-01,HRV,150,105,45
2022-09-01,HRV,160,114,46
2022-10-01,HRV,151,116,35
2022-11-01,HRV,180,128,52
2022-12-01,HRV,178,113,65
2023-01-01,HRV,237,148,89
2023-02-01,HRV,226,155,71
2023-03-01,HRV,217,161,56
2023-04-01,HRV,196,127,69
2023-05-01,HRV,197,148,49
2023-06-01,HRV,120,85,35
2023-07-01,HRV,180,125,55
2023-08-01,HRV,289,167,122
2023-09-01,HRV,190,136,54
2023-10-01,HRV,260,178,82
2023-11-01,HRV,318,181,137
2023-12-01,HRV,373,216,157
2024-01-01,HRV,487,283,204
2024-02-01,HRV,310,178,132
2024-03-01,HRV,334,201,133
2024-04-01,HRV,275,173,102
2024-05-01,HRV,204,152,52
2024-06-01,HRV,186,135,51
2020-01-01,HTI,5,4,1
2020-02-01,HTI,10,8,2
2020-03-01,HTI,0,0,0
2020-04-01,HTI,0,0,0
2020-05-01,HTI,0,0,0
2020-06-01,HTI,0,0,0
2020-07-01,HTI,0,0,0
2020-08-01,HTI,0,0,0
2020-09-01,HTI,0,0,0
2020-10-01,HTI,0,0,0
2020-11-01,HTI,0,0,0
2020-12-01,HTI,0,0,0
2021-01-01,HTI,0,0,0
2021-02-01,HTI,1,1,0
2021-03-01,HTI,0,0,0
2021-04-01,HTI,0,0,0
2021-05-01,HTI,0,0,0
2021-06-01,HTI,0,0,0
2021-07-01,HTI,0,0,0
2021-08-01,HTI,0,0,0
2021-09-01,HTI,0,0,0
2021-10-01,HTI,0,0,0
2021-11-01,HTI,0,0,0
2021-12-01,HTI,0,0,0
2022-01-01,HTI,1,1,0
2022-02-01,HTI,1,1,0
2022-03-01,HTI,0,0,0
2022-04-01,HTI,0,0,0
2022-05-01,HTI,7,2,5
2022-06-01,HTI,1,1,0
2022-07-01,HTI,12,8,4
2022-08-01,HTI,1,1,0
2022-09-01,HTI,8,5,3
2022-10-01,HTI,5,2,3
2022-11-01,HTI,6,2,4
2022-12-01,HTI,4,3,1
2023-01-01,HTI,6,4,2
2023-02-01,HTI,9,8,1
2023-03-01,HTI,4,3,1
2023-04-01,HTI,4,3,1
2023-05-01,HTI,9,9,0
2023-06-01,HTI,2,2,0
2023-07-01,HTI,9,4,5
2023-08-01,HTI,4,3,1
2023-09-01,HTI,16,10,6
2023-10-01,HTI,5,5,0
2023-11-01,HTI,10,7,3
2023-12-01,HTI,13,8,5
2024-01-01,HTI,16,12,4
2024-02-01,HTI,9,8,1
2024-03-01,HTI,14,9,5
2024-04-01,HTI,12,6,6
2024-05-01,HTI,19,13,6
2024-06-01,HTI,17,14,3
2020-01-01,HUN,1564,834,730
2020-02-01,HUN,1640,837,803
2020-03-01,HUN,527,280,247
2020-04-01,HUN,2,2,0
2020-05-01,HUN,0,0,0
2020-06-01,HUN,1,0,1
2020-07-01,HUN,7,3,4
2020-08-01,HUN,8,5,3
2020-09-01,HUN,5,3,2
2020-10-01,HUN,4,2,2
2020-11-01,HUN,5,5,0
2020-12-01,HUN,1,1,0
2021-01-01,HUN,12,9,3
2021-02-01,HUN,1,0,1
2021-03-01,HUN,5,1,4
2021-04-01,HUN,9,5,4
2021-05-01,HUN,4,4,0
2021-06-01,HUN,4,3,1
2021-07-01,HUN,4,3,1
2021-08-01,HUN,10,7,3
2021-09-01,HUN,17,8,9
2021-10-01,HUN,8,3,5
2021-11-01,HUN,5,3,2
2021-12-01,HUN,15,10,5
2022-01-01,HUN,19,13,6
2022-02-01,HUN,11,7,4
2022-03-01,HUN,11,6,5
2022-04-01,HUN,127,70,57
2022-05-01,HUN,197,130,67
2022-06-01,HUN,205,121,84
2022-07-01,HUN,352,204,148
2022-08-01,HUN,347,207,140
2022-09-01,HUN,392,215,177
2022-10-01,HUN,467,278,189
2022-11-01,HUN,509,290,219
2022-12-01,HUN,694,358,336
2023-01-01,HUN,642,355,287
2023-02-01,HUN,951,527,424
2023-03-01,HUN,692,391,301
2023-04-01,HUN,697,350,347
2023-05-01,HUN,434,249,185
2023-06-01,HUN,366,219,147
2023-07-01,HUN,621,335,286
2023-08-01,HUN,655,349,306
2023-09-01,HUN,483,278,205
2023-10-01,HUN,657,368,289
2023-11-01,HUN,728,398,330
2023-12-01,HUN,1090,570,520
2024-01-01,HUN,1652,887,765
2024-02-01,HUN,1515,818,697
2024-03-01,HUN,1387,727,660
2024-04-01,HUN,760,417,343
2024-05-01,HUN,509,292,217
2024-06-01,HUN,558,312,246
2020-01-01,IDN,373952,185414,188538
2020-02-01,IDN,277827,147075,130752
2020-03-01,IDN,131683,71799,59884
2020-04-01,IDN,430,305,125
2020-05-01,IDN,234,173,61
2020-06-01,IDN,728,551,177
2020-07-01,IDN,1742,1358,384
2020-08-01,IDN,1289,958,331
2020-09-01,IDN,1372,1106,266
2020-10-01,IDN,974,868,106
2020-11-01,IDN,964,817,147
2020-12-01,IDN,1036,809,227
2021-01-01,IDN,1123,902,221
2021-02-01,IDN,1229,964,265
2021-03-01,IDN,2090,1474,616
2021-04-01,IDN,1781,1329,452
2021-05-01,IDN,1331,1006,325
2021-06-01,IDN,905,752,153
2021-07-01,IDN,1126,965,161
2021-08-01,IDN,885,673,212
2021-09-01,IDN,1197,808,389
2021-10-01,IDN,1514,886,628
2021-11-01,IDN,2502,1325,1177
2021-12-01,IDN,4365,1985,2380
2022-01-01,IDN,4510,2395,2115
2022-02-01,IDN,3954,1972,1982
2022-03-01,IDN,6511,2881,3630
2022-04-01,IDN,35776,15355,20421
2022-05-01,IDN,109113,53517,55596
2022-06-01,IDN,163265,84425,78840
2022-07-01,IDN,190578,97682,92896
2022-08-01,IDN,211750,110287,101463
2022-09-01,IDN,219069,112348,106721
2022-10-01,IDN,248561,128548,120013
2022-11-01,IDN,252338,129612,122726
2022-12-01,IDN,296613,141879,154734
2023-01-01,IDN,300977,147984,152993
2023-02-01,IDN,266259,134697,131562
2023-03-01,IDN,276253,138809,137444
2023-04-01,IDN,292499,132001,160498
2023-05-01,IDN,326967,168235,158732
2023-06-01,IDN,275647,127035,148612
2023-07-01,IDN,344760,160695,184065
2023-08-01,IDN,295132,140393,154739
2023-09-01,IDN,308884,145196,163688
2023-10-01,IDN,313076,146455,166621
2023-11-01,IDN,330886,155833,175053
2023-12-01,IDN,403481,180907,222574
2024-01-01,IDN,381251,173050,208201
2024-02-01,IDN,333625,151726,181899
2024-03-01,IDN,315885,143129,172756
2024-04-01,IDN,377815,176876,200939
2024-05-01,IDN,374653,181198,193455
2024-06-01,IDN,405489,182273,223216
2020-01-01,IND,98666,70464,28202
2020-02-01,IND,72196,55126,17070
2020-03-01,IND,27210,21556,5654
2020-04-01,IND,47,26,21
2020-05-01,IND,38,21,17
2020-06-01,IND,73,43,30
2020-07-01,IND,771,556,215
2020-08-01,IND,765,501,264
2020-09-01,IND,556,424,132
2020-10-01,IND,392,342,50
2020-11-01,IND,427,371,56
2020-12-01,IND,490,395,95
2021-01-01,IND,757,630,127
2021-02-01,IND,961,774,187
2021-03-01,IND,1559,1153,406
2021-04-01,IND,1467,1071,396
2021-05-01,IND,39,24,15
2021-06-01,IND,29,19,10
2021-07-01,IND,48,26,22
2021-08-01,IND,68,51,17
2021-09-01,IND,184,135,49
2021-10-01,IND,945,712,233
2021-11-01,IND,2072,1640,432
2021-12-01,IND,6356,4646,1710
2022-01-01,IND,6884,4748,2136
2022-02-01,IND,5195,3759,1436
2022-03-01,IND,4382,3309,1073
2022-04-01,IND,16933,12129,4804
2022-05-01,IND,35058,24756,10302
2022-06-01,IND,46684,33289,13395
2022-07-01,IND,52831,38601,14230
2022-08-01,IND,56061,40448,15613
2022-09-01,IND,57400,42421,14979
2022-10-01,IND,68315,48397,19918
2022-11-01,IND,60636,43880,16756
2022-12-01,IND,61947,41834,20113
2023-01-01,IND,56008,39248,16760
2023-02-01,IND,52314,38585,13729
2023-03-01,IND,62188,45533,16655
2023-04-01,IND,72977,49679,23298
2023-05-01,IND,90955,59315,31640
2023-06-01,IND,69771,45697,24074
2023-07-01,IND,78681,56360,22321
2023-08-01,IND,82385,57855,24530
2023-09-01,IND,98033,69023,29010
2023-10-01,IND,83044,56395,26649
2023-11-01,IND,71786,48957,22829
2023-12-01,IND,112406,72464,39942
2024-01-01,IND,95116,64059,31057
2024-02-01,IND,89745,62730,27015
2024-03-01,IND,112442,73568,38874
2024-04-01,IND,114593,73658,40935
2024-05-01,IND,166987,103232,63755
2024-06-01,IND,147213,92097,55116
2020-01-01,IOT,0,0,0
2020-02-01,IOT,0,0,0
2020-03-01,IOT,0,0,0
2020-04-01,IOT,0,0,0
2020-05-01,IOT,0,0,0
2020-06-01,IOT,0,0,0
2020-07-01,IOT,0,0,0
2020-08-01,IOT,0,0,0
2020-09-01,IOT,0,0,0
2020-10-01,IOT,0,0,0
2020-11-01,IOT,0,0,0
2020-12-01,IOT,0,0,0
2021-01-01,IOT,0,0,0
2021-02-01,IOT,0,0,0
2021-03-01,IOT,0,0,0
2021-04-01,IOT,0,0,0
2021-05-01,IOT,0,0,0
2021-06-01,IOT,0,0,0
2021-07-01,IOT,0,0,0
2021-08-01,IOT,0,0,0
2021-09-01,IOT,0,0,0
2021-10-01,IOT,0,0,0
2021-11-01,IOT,0,0,0
2021-12-01,IOT,0,0,0
2022-01-01,IOT,0,0,0
2022-02-01,IOT,0,0,0
2022-03-01,IOT,0,0,0
2022-04-01,IOT,0,0,0
2022-05-01,IOT,0,0,0
2022-06-01,IOT,0,0,0
2022-07-01,IOT,0,0,0
2022-08-01,IOT,0,0,0
2022-09-01,IOT,0,0,0
2022-10-01,IOT,1,1,0
2022-11-01,IOT,1,1,0
2022-12-01,IOT,0,0,0
2023-01-01,IOT,1,0,1
2023-02-01,IOT,0,0,0
2023-03-01,IOT,0,0,0
2023-04-01,IOT,0,0,0
2023-05-01,IOT,0,0,0
2023-06-01,IOT,0,0,0
2023-07-01,IOT,0,0,0
2023-08-01,IOT,0,0,0
2023-09-01,IOT,0,0,0
2023-10-01,IOT,0,0,0
2023-11-01,IOT,2,0,2
2023-12-01,IOT,2,0,2
2024-01-01,IOT,0,0,0
2024-02-01,IOT,1,0,1
2024-03-01,IOT,1,1,0
2024-04-01,IOT,1,0,1
2024-05-01,IOT,0,0,0
2024-06-01,IOT,0,0,0
2020-01-01,IRL,2151,1368,783
2020-02-01,IRL,1647,1016,631
2020-03-01,IRL,755,469,286
2020-04-01,IRL,2,2,0
2020-05-01,IRL,6,4,2
2020-06-01,IRL,4,3,1
2020-07-01,IRL,16,11,5
2020-08-01,IRL,22,14,8
2020-09-01,IRL,12,10,2
2020-10-01,IRL,19,11,8
2020-11-01,IRL,17,12,5
2020-12-01,IRL,12,10,2
2021-01-01,IRL,15,12,3
2021-02-01,IRL,3,3,0
2021-03-01,IRL,17,10,7
2021-04-01,IRL,10,6,4
2021-05-01,IRL,12,12,0
2021-06-01,IRL,6,4,2
2021-07-01,IRL,20,12,8
2021-08-01,IRL,29,18,11
2021-09-01,IRL,15,10,5
2021-10-01,IRL,20,14,6
2021-11-01,IRL,25,16,9
2021-12-01,IRL,74,46,28
2022-01-01,IRL,119,84,35
2022-02-01,IRL,67,42,25
2022-03-01,IRL,73,54,19
2022-04-01,IRL,529,363,166
2022-05-01,IRL,719,466,253
2022-06-01,IRL,962,624,338
2022-07-01,IRL,1362,781,581
2022-08-01,IRL,1320,778,542
2022-09-01,IRL,1353,824,529
2022-10-01,IRL,1845,1093,752
2022-11-01,IRL,1381,861,520
2022-12-01,IRL,1330,791,539
2023-01-01,IRL,1734,1049,685
2023-02-01,IRL,1632,997,635
2023-03-01,IRL,1746,1011,735
2023-04-01,IRL,1777,1025,752
2023-05-01,IRL,1542,981,561
2023-06-01,IRL,1613,952,661
2023-07-01,IRL,2403,1328,1075
2023-08-01,IRL,2165,1251,914
2023-09-01,IRL,2061,1279,782
2023-10-01,IRL,1893,1131,762
2023-11-01,IRL,1920,1192,728
2023-12-01,IRL,1897,1118,779
2024-01-01,IRL,2333,1391,942
2024-02-01,IRL,2207,1298,909
2024-03-01,IRL,2460,1421,1039
2024-04-01,IRL,2082,1185,897
2024-05-01,IRL,1894,1152,742
2024-06-01,IRL,2372,1367,1005
2020-01-01,IRN,4636,2550,2086
2020-02-01,IRN,3950,2151,1799
2020-03-01,IRN,706,416,290
2020-04-01,IRN,0,0,0
2020-05-01,IRN,1,1,0
2020-06-01,IRN,5,4,1
2020-07-01,IRN,28,14,14
2020-08-01,IRN,24,10,14
2020-09-01,IRN,19,13,6
2020-10-01,IRN,30,13,17
2020-11-01,IRN,26,13,13
2020-12-01,IRN,12,6,6
2021-01-01,IRN,49,41,8
2021-02-01,IRN,76,67,9
2021-03-01,IRN,51,33,18
2021-04-01,IRN,46,30,16
2021-05-01,IRN,42,23,19
2021-06-01,IRN,15,10,5
2021-07-01,IRN,23,14,9
2021-08-01,IRN,46,33,13
2021-09-01,IRN,45,27,18
2021-10-01,IRN,92,47,45
2021-11-01,IRN,99,58,41
2021-12-01,IRN,175,101,74
2022-01-01,IRN,190,111,79
2022-02-01,IRN,185,106,79
2022-03-01,IRN,217,121,96
2022-04-01,IRN,730,414,316
2022-05-01,IRN,949,548,401
2022-06-01,IRN,1275,694,581
2022-07-01,IRN,1581,832,749
2022-08-01,IRN,1199,646,553
2022-09-01,IRN,927,509,418
2022-10-01,IRN,970,577,393
2022-11-01,IRN,981,550,431
2022-12-01,IRN,945,539,406
2023-01-01,IRN,984,573,411
2023-02-01,IRN,976,548,428
2023-03-01,IRN,3099,1594,1505
2023-04-01,IRN,1384,760,624
2023-05-01,IRN,1193,695,498
2023-06-01,IRN,1319,709,610
2023-07-01,IRN,1699,943,756
2023-08-01,IRN,2227,1140,1087
2023-09-01,IRN,3465,1782,1683
2023-10-01,IRN,2194,1177,1017
2023-11-01,IRN,2592,1407,1185
2023-12-01,IRN,2865,1535,1330
2024-01-01,IRN,2570,1407,1163
2024-02-01,IRN,2142,1074,1068
2024-03-01,IRN,6349,3108,3241
2024-04-01,IRN,2348,1248,1100
2024-05-01,IRN,1404,794,610
2024-06-01,IRN,1910,1035,875
2020-01-01,IRQ,1751,1265,486
2020-02-01,IRQ,1587,1067,520
2020-03-01,IRQ,611,416,195
2020-04-01,IRQ,0,0,0
2020-05-01,IRQ,0,0,0
2020-06-01,IRQ,11,6,5
2020-07-01,IRQ,7,6,1
2020-08-01,IRQ,10,10,0
2020-09-01,IRQ,16,10,6
2020-10-01,IRQ,10,6,4
2020-11-01,IRQ,11,8,3
2020-12-01,IRQ,8,6,2
2021-01-01,IRQ,11,9,2
2021-02-01,IRQ,29,22,7
2021-03-01,IRQ,52,41,11
2021-04-01,IRQ,39,24,15
2021-05-01,IRQ,25,20,5
2021-06-01,IRQ,25,15,10
2021-07-01,IRQ,16,12,4
2021-08-01,IRQ,29,15,14
2021-09-01,IRQ,47,35,12
2021-10-01,IRQ,69,49,20
2021-11-01,IRQ,104,73,31
2021-12-01,IRQ,256,164,92
2022-01-01,IRQ,194,127,67
2022-02-01,IRQ,175,114,61
2022-03-01,IRQ,228,151,77
2022-04-01,IRQ,447,300,147
2022-05-01,IRQ,550,378,172
2022-06-01,IRQ,660,454,206
2022-07-01,IRQ,689,409,280
2022-08-01,IRQ,898,541,357
2022-09-01,IRQ,790,518,272
2022-10-01,IRQ,722,512,210
2022-11-01,IRQ,967,758,209
2022-12-01,IRQ,749,515,234
2023-01-01,IRQ,662,455,207
2023-02-01,IRQ,822,564,258
2023-03-01,IRQ,756,560,196
2023-04-01,IRQ,609,434,175
2023-05-01,IRQ,876,615,261
2023-06-01,IRQ,1378,858,520
2023-07-01,IRQ,1244,746,498
2023-08-01,IRQ,1401,816,585
2023-09-01,IRQ,1588,1080,508
2023-10-01,IRQ,1519,1053,466
2023-11-01,IRQ,1383,965,418
2023-12-01,IRQ,1576,1092,484
2024-01-01,IRQ,1156,770,386
2024-02-01,IRQ,1816,1152,664
2024-03-01,IRQ,850,595,255
2024-04-01,IRQ,1245,879,366
2024-05-01,IRQ,1019,668,351
2024-06-01,IRQ,2533,1596,937
2020-01-01,ISL,126,70,56
2020-02-01,ISL,98,54,44
2020-03-01,ISL,42,25,17
2020-04-01,ISL,0,0,0
2020-05-01,ISL,0,0,0
2020-06-01,ISL,0,0,0
2020-07-01,ISL,5,5,0
2020-08-01,ISL,0,0,0
2020-09-01,ISL,1,0,1
2020-10-01,ISL,0,0,0
2020-11-01,ISL,0,0,0
2020-12-01,ISL,0,0,0
2021-01-01,ISL,2,1,1
2021-02-01,ISL,0,0,0
2021-03-01,ISL,0,0,0
2021-04-01,ISL,0,0,0
2021-05-01,ISL,0,0,0
2021-06-01,ISL,0,0,0
2021-07-01,ISL,0,0,0
2021-08-01,ISL,0,0,0
2021-09-01,ISL,1,1,0
2021-10-01,ISL,0,0,0
2021-11-01,ISL,0,0,0
2021-12-01,ISL,1,1,0
2022-01-01,ISL,4,2,2
2022-02-01,ISL,2,2,0
2022-03-01,ISL,1,0,1
2022-04-01,ISL,13,8,5
2022-05-01,ISL,34,11,23
2022-06-01,ISL,30,13,17
2022-07-01,ISL,32,11,21
2022-08-01,ISL,27,20,7
2022-09-01,ISL,27,22,5
2022-10-01,ISL,39,23,16
2022-11-01,ISL,38,23,15
2022-12-01,ISL,34,20,14
2023-01-01,ISL,33,18,15
2023-02-01,ISL,49,23,26
2023-03-01,ISL,56,30,26
2023-04-01,ISL,58,33,25
2023-05-01,ISL,48,25,23
2023-06-01,ISL,30,15,15
2023-07-01,ISL,59,31,28
2023-08-01,ISL,52,25,27
2023-09-01,ISL,25,14,11
2023-10-01,ISL,30,16,14
2023-11-01,ISL,57,33,24
2023-12-01,ISL,73,45,28
2024-01-01,ISL,68,39,29
2024-02-01,ISL,55,32,23
2024-03-01,ISL,62,30,32
2024-04-01,ISL,43,19,24
2024-05-01,ISL,37,21,16
2024-06-01,ISL,45,24,21
2020-01-01,ISR,0,0,0
2020-02-01,ISR,0,0,0
2020-03-01,ISR,0,0,0
2020-04-01,ISR,0,0,0
2020-05-01,ISR,0,0,0
2020-06-01,ISR,0,0,0
2020-07-01,ISR,0,0,0
2020-08-01,ISR,0,0,0
2020-09-01,ISR,0,0,0
2020-10-01,ISR,0,0,0
2020-11-01,ISR,0,0,0
2020-12-01,ISR,0,0,0
2021-01-01,ISR,0,0,0
2021-02-01,ISR,0,0,0
2021-03-01,ISR,0,0,0
2021-04-01,ISR,0,0,0
2021-05-01,ISR,0,0,0
2021-06-01,ISR,0,0,0
2021-07-01,ISR,0,0,0
2021-08-01,ISR,0,0,0
2021-09-01,ISR,0,0,0
2021-10-01,ISR,0,0,0
2021-11-01,ISR,0,0,0
2021-12-01,ISR,0,0,0
2022-01-01,ISR,0,0,0
2022-02-01,ISR,0,0,0
2022-03-01,ISR,0,0,0
2022-04-01,ISR,0,0,0
2022-05-01,ISR,4,2,2
2022-06-01,ISR,0,0,0
2022-07-01,ISR,0,0,0
2022-08-01,ISR,0,0,0
2022-09-01,ISR,2,2,0
2022-10-01,ISR,0,0,0
2022-11-01,ISR,1,1,0
2022-12-01,ISR,0,0,0
2023-01-01,ISR,0,0,0
2023-02-01,ISR,0,0,0
2023-03-01,ISR,0,0,0
2023-04-01,ISR,0,0,0
2023-05-01,ISR,1,1,0
2023-06-01,ISR,0,0,0
2023-07-01,ISR,0,0,0
2023-08-01,ISR,0,0,0
2023-09-01,ISR,0,0,0
2023-10-01,ISR,0,0,0
2023-11-01,ISR,0,0,0
2023-12-01,ISR,1,0,1
2024-01-01,ISR,0,0,0
2024-02-01,ISR,1,1,0
2024-03-01,ISR,0,0,0
2024-04-01,ISR,6,6,0
2024-05-01,ISR,0,0,0
2024-06-01,ISR,0,0,0
2020-01-01,ITA,5614,3565,2049
2020-02-01,ITA,4372,2984,1388
2020-03-01,ITA,1161,810,351
2020-04-01,ITA,2,2,0
2020-05-01,ITA,0,0,0
2020-06-01,ITA,4,2,2
2020-07-01,ITA,32,25,7
2020-08-01,ITA,18,16,2
2020-09-01,ITA,18,17,1
2020-10-01,ITA,38,34,4
2020-11-01,ITA,18,17,1
2020-12-01,ITA,16,14,2
2021-01-01,ITA,47,39,8
2021-02-01,ITA,43,40,3
2021-03-01,ITA,27,20,7
2021-04-01,ITA,68,62,6
2021-05-01,ITA,51,43,8
2021-06-01,ITA,31,29,2
2021-07-01,ITA,29,25,4
2021-08-01,ITA,67,45,22
2021-09-01,ITA,85,64,21
2021-10-01,ITA,81,56,25
2021-11-01,ITA,74,62,12
2021-12-01,ITA,91,75,16
2022-01-01,ITA,348,280,68
2022-02-01,ITA,175,148,27
2022-03-01,ITA,225,179,46
2022-04-01,ITA,852,635,217
2022-05-01,ITA,1313,970,343
2022-06-01,ITA,1453,1062,391
2022-07-01,ITA,2586,1638,948
2022-08-01,ITA,6300,3542,2758
2022-09-01,ITA,2500,1715,785
2022-10-01,ITA,2880,2128,752
2022-11-01,ITA,2541,1871,670
2022-12-01,ITA,2365,1540,825
2023-01-01,ITA,3766,2423,1343
2023-02-01,ITA,3946,2636,1310
2023-03-01,ITA,3926,2580,1346
2023-04-01,ITA,3251,2083,1168
2023-05-01,ITA,2837,2003,834
2023-06-01,ITA,2491,1681,810
2023-07-01,ITA,5887,3405,2482
2023-08-01,ITA,15370,8231,7139
2023-09-01,ITA,4319,2806,1513
2023-10-01,ITA,3446,2375,1071
2023-11-01,ITA,4130,2930,1200
2023-12-01,ITA,4768,2892,1876
2024-01-01,ITA,6340,3940,2400
2024-02-01,ITA,5741,3555,2186
2024-03-01,ITA,5348,3468,1880
2024-04-01,ITA,4527,2732,1795
2024-05-01,ITA,3682,2355,1327
2024-06-01,ITA,4571,2813,1758
2020-01-01,JAM,46,11,35
2020-02-01,JAM,28,13,15
2020-03-01,JAM,7,4,3
2020-04-01,JAM,0,0,0
2020-05-01,JAM,0,0,0
2020-06-01,JAM,0,0,0
2020-07-01,JAM,0,0,0
2020-08-01,JAM,0,0,0
2020-09-01,JAM,0,0,0
2020-10-01,JAM,0,0,0
2020-11-01,JAM,1,0,1
2020-12-01,JAM,0,0,0
2021-01-01,JAM,0,0,0
2021-02-01,JAM,1,0,1
2021-03-01,JAM,0,0,0
2021-04-01,JAM,1,0,1
2021-05-01,JAM,0,0,0
2021-06-01,JAM,0,0,0
2021-07-01,JAM,0,0,0
2021-08-01,JAM,0,0,0
2021-09-01,JAM,1,1,0
2021-10-01,JAM,1,0,1
2021-11-01,JAM,0,0,0
2021-12-01,JAM,2,2,0
2022-01-01,JAM,2,1,1
2022-02-01,JAM,2,1,1
2022-03-01,JAM,2,1,1
2022-04-01,JAM,4,1,3
2022-05-01,JAM,1,1,0
2022-06-01,JAM,9,5,4
2022-07-01,JAM,5,4,1
2022-08-01,JAM,23,13,10
2022-09-01,JAM,7,2,5
2022-10-01,JAM,23,9,14
2022-11-01,JAM,21,13,8
2022-12-01,JAM,23,15,8
2023-01-01,JAM,15,5,10
2023-02-01,JAM,15,6,9
2023-03-01,JAM,24,8,16
2023-04-01,JAM,18,4,14
2023-05-01,JAM,30,15,15
2023-06-01,JAM,31,16,15
2023-07-01,JAM,33,11,22
2023-08-01,JAM,37,10,27
2023-09-01,JAM,21,12,9
2023-10-01,JAM,26,6,20
2023-11-01,JAM,38,12,26
2023-12-01,JAM,17,8,9
2024-01-01,JAM,29,14,15
2024-02-01,JAM,64,22,42
2024-03-01,JAM,20,11,9
2024-04-01,JAM,30,11,19
2024-05-01,JAM,42,20,22
2024-06-01,JAM,17,10,7
2020-01-01,JOR,1371,815,556
2020-02-01,JOR,922,632,290
2020-03-01,JOR,296,219,77
2020-04-01,JOR,0,0,0
2020-05-01,JOR,0,0,0
2020-06-01,JOR,2,1,1
2020-07-01,JOR,0,0,0
2020-08-01,JOR,7,5,2
2020-09-01,JOR,8,6,2
2020-10-01,JOR,5,4,1
2020-11-01,JOR,3,3,0
2020-12-01,JOR,7,5,2
2021-01-01,JOR,8,6,2
2021-02-01,JOR,23,21,2
2021-03-01,JOR,43,33,10
2021-04-01,JOR,25,18,7
2021-05-01,JOR,45,35,10
2021-06-01,JOR,13,11,2
2021-07-01,JOR,8,7,1
2021-08-01,JOR,24,15,9
2021-09-01,JOR,39,26,13
2021-10-01,JOR,66,43,23
2021-11-01,JOR,51,46,5
2021-12-01,JOR,78,62,16
2022-01-01,JOR,65,49,16
2022-02-01,JOR,79,50,29
2022-03-01,JOR,71,51,20
2022-04-01,JOR,291,182,109
2022-05-01,JOR,548,341,207
2022-06-01,JOR,576,342,234
2022-07-01,JOR,629,396,233
2022-08-01,JOR,656,388,268
2022-09-01,JOR,690,426,264
2022-10-01,JOR,661,424,237
2022-11-01,JOR,617,387,230
2022-12-01,JOR,523,314,209
2023-01-01,JOR,787,477,310
2023-02-01,JOR,549,345,204
2023-03-01,JOR,586,391,195
2023-04-01,JOR,449,290,159
2023-05-01,JOR,725,461,264
2023-06-01,JOR,1055,640,415
2023-07-01,JOR,1436,790,646
2023-08-01,JOR,1182,655,527
2023-09-01,JOR,1174,719,455
2023-10-01,JOR,938,572,366
2023-11-01,JOR,744,497,247
2023-12-01,JOR,935,556,379
2024-01-01,JOR,914,562,352
2024-02-01,JOR,815,511,304
2024-03-01,JOR,440,332,108
2024-04-01,JOR,907,556,351
2024-05-01,JOR,804,508,296
2024-06-01,JOR,1667,912,755
2020-01-01,JPN,44029,27326,16703
2020-02-01,JPN,41312,25588,15724
2020-03-01,JPN,10802,7047,3755
2020-04-01,JPN,7,6,1
2020-05-01,JPN,8,6,2
2020-06-01,JPN,47,30,17
2020-07-01,JPN,442,309,133
2020-08-01,JPN,417,282,135
2020-09-01,JPN,441,294,147
2020-10-01,JPN,490,332,158
2020-11-01,JPN,363,242,121
2020-12-01,JPN,417,277,140
2021-01-01,JPN,396,280,116
2021-02-01,JPN,359,249,110
2021-03-01,JPN,426,291,135
2021-04-01,JPN,631,432,199
2021-05-01,JPN,481,339,142
2021-06-01,JPN,312,208,104
2021-07-01,JPN,305,175,130
2021-08-01,JPN,385,245,140
2021-09-01,JPN,670,446,224
2021-10-01,JPN,909,584,325
2021-11-01,JPN,792,547,245
2021-12-01,JPN,1151,672,479
2022-01-01,JPN,1358,920,438
2022-02-01,JPN,1033,707,326
2022-03-01,JPN,1164,784,380
2022-04-01,JPN,5355,3594,1761
2022-05-01,JPN,9070,6484,2586
2022-06-01,JPN,9290,6814,2476
2022-07-01,JPN,13457,9105,4352
2022-08-01,JPN,17381,10951,6430
2022-09-01,JPN,15809,10907,4902
2022-10-01,JPN,16940,11687,5253
2022-11-01,JPN,17222,12158,5064
2022-12-01,JPN,18938,12068,6870
2023-01-01,JPN,19372,12132,7240
2023-02-01,JPN,23366,15240,8126
2023-03-01,JPN,25834,16346,9488
2023-04-01,JPN,21906,13651,8255
2023-05-01,JPN,22832,15018,7814
2023-06-01,JPN,17585,11984,5601
2023-07-01,JPN,30312,18404,11908
2023-08-01,JPN,41854,23625,18229
2023-09-01,JPN,32251,20232,12019
2023-10-01,JPN,28984,18643,10341
2023-11-01,JPN,29963,19459,10504
2023-12-01,JPN,29791,17849,11942
2024-01-01,JPN,30489,18448,12041
2024-02-01,JPN,31518,19006,12512
2024-03-01,JPN,37130,22183,14947
2024-04-01,JPN,26934,16110,10824
2024-05-01,JPN,27765,17454,10311
2024-06-01,JPN,29227,17911,11316
2020-01-01,KAZ,4183,1766,2417
2020-02-01,KAZ,2488,1060,1428
2020-03-01,KAZ,1209,472,737
2020-04-01,KAZ,0,0,0
2020-05-01,KAZ,0,0,0
2020-06-01,KAZ,1,0,1
2020-07-01,KAZ,17,10,7
2020-08-01,KAZ,19,10,9
2020-09-01,KAZ,9,4,5
2020-10-01,KAZ,2,0,2
2020-11-01,KAZ,8,4,4
2020-12-01,KAZ,3,2,1
2021-01-01,KAZ,5,1,4
2021-02-01,KAZ,20,10,10
2021-03-01,KAZ,20,8,12
2021-04-01,KAZ,21,6,15
2021-05-01,KAZ,15,7,8
2021-06-01,KAZ,28,21,7
2021-07-01,KAZ,7,5,2
2021-08-01,KAZ,21,17,4
2021-09-01,KAZ,36,15,21
2021-10-01,KAZ,23,9,14
2021-11-01,KAZ,25,13,12
2021-12-01,KAZ,21,10,11
2022-01-01,KAZ,62,22,40
2022-02-01,KAZ,61,36,25
2022-03-01,KAZ,40,18,22
2022-04-01,KAZ,191,77,114
2022-05-01,KAZ,209,84,125
2022-06-01,KAZ,223,91,132
2022-07-01,KAZ,330,154,176
2022-08-01,KAZ,425,205,220
2022-09-01,KAZ,421,174,247
2022-10-01,KAZ,530,198,332
2022-11-01,KAZ,521,227,294
2022-12-01,KAZ,556,227,329
2023-01-01,KAZ,647,281,366
2023-02-01,KAZ,659,267,392
2023-03-01,KAZ,820,353,467
2023-04-01,KAZ,653,271,382
2023-05-01,KAZ,665,247,418
2023-06-01,KAZ,632,268,364
2023-07-01,KAZ,1095,476,619
2023-08-01,KAZ,1041,445,596
2023-09-01,KAZ,908,392,516
2023-10-01,KAZ,883,360,523
2023-11-01,KAZ,972,410,562
2023-12-01,KAZ,1273,527,746
2024-01-01,KAZ,1639,674,965
2024-02-01,KAZ,1651,708,943
2024-03-01,KAZ,3202,1317,1885
2024-04-01,KAZ,3667,1431,2236
2024-05-01,KAZ,3290,1267,2023
2024-06-01,KAZ,3829,1540,2289
2020-01-01,KEN,535,278,257
2020-02-01,KEN,353,190,163
2020-03-01,KEN,112,68,44
2020-04-01,KEN,0,0,0
2020-05-01,KEN,0,0,0
2020-06-01,KEN,0,0,0
2020-07-01,KEN,1,0,1
2020-08-01,KEN,9,3,6
2020-09-01,KEN,6,2,4
2020-10-01,KEN,6,2,4
2020-11-01,KEN,1,1,0
2020-12-01,KEN,4,4,0
2021-01-01,KEN,9,7,2
2021-02-01,KEN,8,5,3
2021-03-01,KEN,33,14,19
2021-04-01,KEN,18,9,9
2021-05-01,KEN,37,26,11
2021-06-01,KEN,6,4,2
2021-07-01,KEN,8,3,5
2021-08-01,KEN,8,4,4
2021-09-01,KEN,37,27,10
2021-10-01,KEN,15,4,11
2021-11-01,KEN,42,32,10
2021-12-01,KEN,37,22,15
2022-01-01,KEN,115,50,65
2022-02-01,KEN,57,33,24
2022-03-01,KEN,46,19,27
2022-04-01,KEN,118,61,57
2022-05-01,KEN,182,97,85
2022-06-01,KEN,187,104,83
2022-07-01,KEN,189,99,90
2022-08-01,KEN,264,136,128
2022-09-01,KEN,341,180,161
2022-10-01,KEN,305,153,152
2022-11-01,KEN,346,177,169
2022-12-01,KEN,447,227,220
2023-01-01,KEN,329,163,166
2023-02-01,KEN,248,120,128
2023-03-01,KEN,554,285,269
2023-04-01,KEN,459,251,208
2023-05-01,KEN,373,185,188
2023-06-01,KEN,346,170,176
2023-07-01,KEN,485,248,237
2023-08-01,KEN,658,282,376
2023-09-01,KEN,625,321,304
2023-10-01,KEN,590,296,294
2023-11-01,KEN,661,318,343
2023-12-01,KEN,926,473,453
2024-01-01,KEN,475,234,241
2024-02-01,KEN,410,233,177
2024-03-01,KEN,389,213,176
2024-04-01,KEN,416,190,226
2024-05-01,KEN,783,333,450
2024-06-01,KEN,949,459,490
2020-01-01,KGZ,787,369,418
2020-02-01,KGZ,360,170,190
2020-03-01,KGZ,149,72,77
2020-04-01,KGZ,0,0,0
2020-05-01,KGZ,0,0,0
2020-06-01,KGZ,0,0,0
2020-07-01,KGZ,4,4,0
2020-08-01,KGZ,1,1,0
2020-09-01,KGZ,3,3,0
2020-10-01,KGZ,4,3,1
2020-11-01,KGZ,1,0,1
2020-12-01,KGZ,3,3,0
2021-01-01,KGZ,4,1,3
2021-02-01,KGZ,2,2,0
2021-03-01,KGZ,6,5,1
2021-04-01,KGZ,6,4,2
2021-05-01,KGZ,1,0,1
2021-06-01,KGZ,3,2,1
2021-07-01,KGZ,6,2,4
2021-08-01,KGZ,8,8,0
2021-09-01,KGZ,0,0,0
2021-10-01,KGZ,4,1,3
2021-11-01,KGZ,6,2,4
2021-12-01,KGZ,13,6,7
2022-01-01,KGZ,31,18,13
2022-02-01,KGZ,19,11,8
2022-03-01,KGZ,25,17,8
2022-04-01,KGZ,111,71,40
2022-05-01,KGZ,165,98,67
2022-06-01,KGZ,156,97,59
2022-07-01,KGZ,143,82,61
2022-08-01,KGZ,193,96,97
2022-09-01,KGZ,131,68,63
2022-10-01,KGZ,105,55,50
2022-11-01,KGZ,145,77,68
2022-12-01,KGZ,179,77,102
2023-01-01,KGZ,258,151,107
2023-02-01,KGZ,210,111,99
2023-03-01,KGZ,210,97,113
2023-04-01,KGZ,170,79,91
2023-05-01,KGZ,238,127,111
2023-06-01,KGZ,198,95,103
2023-07-01,KGZ,267,124,143
2023-08-01,KGZ,291,151,140
2023-09-01,KGZ,281,158,123
2023-10-01,KGZ,287,149,138
2023-11-01,KGZ,313,180,133
2023-12-01,KGZ,365,172,193
2024-01-01,KGZ,682,320,362
2024-02-01,KGZ,423,207,216
2024-03-01,KGZ,538,238,300
2024-04-01,KGZ,524,235,289
2024-05-01,KGZ,520,254,266
2024-06-01,KGZ,425,215,210
2020-01-01,KHM,9906,5037,4869
2020-02-01,KHM,7956,4606,3350
2020-03-01,KHM,2759,1426,1333
2020-04-01,KHM,7,2,5
2020-05-01,KHM,2,0,2
2020-06-01,KHM,14,6,8
2020-07-01,KHM,15,2,13
2020-08-01,KHM,1,0,1
2020-09-01,KHM,5,1,4
2020-10-01,KHM,27,25,2
2020-11-01,KHM,9,3,6
2020-12-01,KHM,9,3,6
2021-01-01,KHM,9,4,5
2021-02-01,KHM,2,0,2
2021-03-01,KHM,12,3,9
2021-04-01,KHM,9,1,8
2021-05-01,KHM,12,6,6
2021-06-01,KHM,9,9,0
2021-07-01,KHM,118,115,3
2021-08-01,KHM,64,61,3
2021-09-01,KHM,2,1,1
2021-10-01,KHM,36,34,2
2021-11-01,KHM,47,33,14
2021-12-01,KHM,83,58,25
2022-01-01,KHM,87,50,37
2022-02-01,KHM,168,138,30
2022-03-01,KHM,213,173,40
2022-04-01,KHM,998,623,375
2022-05-01,KHM,2710,1708,1002
2022-06-01,KHM,4101,2259,1842
2022-07-01,KHM,5675,2911,2764
2022-08-01,KHM,6102,3182,2920
2022-09-01,KHM,6476,3292,3184
2022-10-01,KHM,7063,3645,3418
2022-11-01,KHM,9058,4494,4564
2022-12-01,KHM,6680,3093,3587
2023-01-01,KHM,8360,4335,4025
2023-02-01,KHM,7657,4197,3460
2023-03-01,KHM,7778,3685,4093
2023-04-01,KHM,10527,4791,5736
2023-05-01,KHM,9446,4438,5008
2023-06-01,KHM,4961,2409,2552
2023-07-01,KHM,8300,4045,4255
2023-08-01,KHM,9422,4804,4618
2023-09-01,KHM,6559,3115,3444
2023-10-01,KHM,7515,3622,3893
2023-11-01,KHM,8251,3818,4433
2023-12-01,KHM,7868,3649,4219
2024-01-01,KHM,6889,3643,3246
2024-02-01,KHM,7371,4337,3034
2024-03-01,KHM,6840,3437,3403
2024-04-01,KHM,8261,4065,4196
2024-05-01,KHM,6945,3527,3418
2024-06-01,KHM,6760,3285,3475
2020-01-01,KIR,5,5,0
2020-02-01,KIR,3,2,1
2020-03-01,KIR,2,2,0
2020-04-01,KIR,0,0,0
2020-05-01,KIR,0,0,0
2020-06-01,KIR,0,0,0
2020-07-01,KIR,0,0,0
2020-08-01,KIR,0,0,0
2020-09-01,KIR,0,0,0
2020-10-01,KIR,12,12,0
2020-11-01,KIR,10,10,0
2020-12-01,KIR,8,8,0
2021-01-01,KIR,6,6,0
2021-02-01,KIR,10,10,0
2021-03-01,KIR,4,4,0
2021-04-01,KIR,0,0,0
2021-05-01,KIR,11,11,0
2021-06-01,KIR,5,5,0
2021-07-01,KIR,4,4,0
2021-08-01,KIR,0,0,0
2021-09-01,KIR,0,0,0
2021-10-01,KIR,0,0,0
2021-11-01,KIR,0,0,0
2021-12-01,KIR,0,0,0
2022-01-01,KIR,0,0,0
2022-02-01,KIR,0,0,0
2022-03-01,KIR,0,0,0
2022-04-01,KIR,0,0,0
2022-05-01,KIR,0,0,0
2022-06-01,KIR,0,0,0
2022-07-01,KIR,1,1,0
2022-08-01,KIR,0,0,0
2022-09-01,KIR,0,0,0
2022-10-01,KIR,0,0,0
2022-11-01,KIR,4,2,2
2022-12-01,KIR,0,0,0
2023-01-01,KIR,0,0,0
2023-02-01,KIR,1,0,1
2023-03-01,KIR,5,5,0
2023-04-01,KIR,1,1,0
2023-05-01,KIR,1,1,0
2023-06-01,KIR,0,0,0
2023-07-01,KIR,2,1,1
2023-08-01,KIR,0,0,0
2023-09-01,KIR,1,1,0
2023-10-01,KIR,0,0,0
2023-11-01,KIR,0,0,0
2023-12-01,KIR,8,2,6
2024-01-01,KIR,5,3,2
2024-02-01,KIR,5,2,3
2024-03-01,KIR,0,0,0
2024-04-01,KIR,2,0,2
2024-05-01,KIR,0,0,0
2024-06-01,KIR,0,0,0
2020-01-01,KNA,63,44,19
2020-02-01,KNA,46,36,10
2020-03-01,KNA,23,18,5
2020-04-01,KNA,0,0,0
2020-05-01,KNA,0,0,0
2020-06-01,KNA,0,0,0
2020-07-01,KNA,0,0,0
2020-08-01,KNA,0,0,0
2020-09-01,KNA,1,1,0
2020-10-01,KNA,2,2,0
2020-11-01,KNA,0,0,0
2020-12-01,KNA,1,0,1
2021-01-01,KNA,0,0,0
2021-02-01,KNA,1,1,0
2021-03-01,KNA,0,0,0
2021-04-01,KNA,0,0,0
2021-05-01,KNA,0,0,0
2021-06-01,KNA,0,0,0
2021-07-01,KNA,0,0,0
2021-08-01,KNA,0,0,0
2021-09-01,KNA,1,1,0
2021-10-01,KNA,3,2,1
2021-11-01,KNA,0,0,0
2021-12-01,KNA,1,1,0
2022-01-01,KNA,2,2,0
2022-02-01,KNA,2,2,0
2022-03-01,KNA,2,2,0
2022-04-01,KNA,29,21,8
2022-05-01,KNA,58,41,17
2022-06-01,KNA,48,38,10
2022-07-01,KNA,86,58,28
2022-08-01,KNA,53,40,13
2022-09-01,KNA,64,47,17
2022-10-01,KNA,81,60,21
2022-11-01,KNA,57,39,18
2022-12-01,KNA,82,54,28
2023-01-01,KNA,70,51,19
2023-02-01,KNA,66,56,10
2023-03-01,KNA,78,57,21
2023-04-01,KNA,125,93,32
2023-05-01,KNA,75,60,15
2023-06-01,KNA,86,58,28
2023-07-01,KNA,124,82,42
2023-08-01,KNA,125,96,29
2023-09-01,KNA,91,64,27
2023-10-01,KNA,95,69,26
2023-11-01,KNA,84,61,23
2023-12-01,KNA,114,78,36
2024-01-01,KNA,77,61,16
2024-02-01,KNA,86,58,28
2024-03-01,KNA,78,60,18
2024-04-01,KNA,88,56,32
2024-05-01,KNA,78,62,16
2024-06-01,KNA,84,63,21
2020-01-01,KOR,98357,45260,53097
2020-02-01,KOR,35596,17840,17756
2020-03-01,KOR,4559,2730,1829
2020-04-01,KOR,2,2,0
2020-05-01,KOR,2,1,1
2020-06-01,KOR,45,35,10
2020-07-01,KOR,235,155,80
2020-08-01,KOR,366,177,189
2020-09-01,KOR,380,214,166
2020-10-01,KOR,311,179,132
2020-11-01,KOR,235,161,74
2020-12-01,KOR,274,197,77
2021-01-01,KOR,237,155,82
2021-02-01,KOR,214,157,57
2021-03-01,KOR,344,235,109
2021-04-01,KOR,339,240,99
2021-05-01,KOR,306,234,72
2021-06-01,KOR,214,163,51
2021-07-01,KOR,282,194,88
2021-08-01,KOR,372,221,151
2021-09-01,KOR,387,249,138
2021-10-01,KOR,676,461,215
2021-11-01,KOR,623,386,237
2021-12-01,KOR,1354,851,503
2022-01-01,KOR,1223,709,514
2022-02-01,KOR,891,617,274
2022-03-01,KOR,1011,701,310
2022-04-01,KOR,5588,3664,1924
2022-05-01,KOR,9853,6211,3642
2022-06-01,KOR,12823,7532,5291
2022-07-01,KOR,26499,13805,12694
2022-08-01,KOR,26280,13648,12632
2022-09-01,KOR,20508,11295,9213
2022-10-01,KOR,23658,12908,10750
2022-11-01,KOR,25192,13347,11845
2022-12-01,KOR,34415,17310,17105
2023-01-01,KOR,56710,27158,29552
2023-02-01,KOR,48525,23522,25003
2023-03-01,KOR,35480,17243,18237
2023-04-01,KOR,30684,15642,15042
2023-05-01,KOR,33173,16811,16362
2023-06-01,KOR,23122,12423,10699
2023-07-01,KOR,46068,22699,23369
2023-08-01,KOR,36035,18735,17300
2023-09-01,KOR,26151,14533,11618
2023-10-01,KOR,24952,13932,11020
2023-11-01,KOR,34479,18025,16454
2023-12-01,KOR,49281,24674,24607
2024-01-01,KOR,78900,36771,42129
2024-02-01,KOR,51086,25203,25883
2024-03-01,KOR,39049,19204,19845
2024-04-01,KOR,34485,17107,17378
2024-05-01,KOR,33721,17617,16104
2024-06-01,KOR,41882,20694,21188
2020-01-01,KWT,1221,616,605
2020-02-01,KWT,195,134,61
2020-03-01,KWT,56,42,14
2020-04-01,KWT,0,0,0
2020-05-01,KWT,0,0,0
2020-06-01,KWT,0,0,0
2020-07-01,KWT,0,0,0
2020-08-01,KWT,1,1,0
2020-09-01,KWT,2,2,0
2020-10-01,KWT,3,3,0
2020-11-01,KWT,0,0,0
2020-12-01,KWT,3,2,1
2021-01-01,KWT,9,6,3
2021-02-01,KWT,5,3,2
2021-03-01,KWT,4,3,1
2021-04-01,KWT,0,0,0
2021-05-01,KWT,1,1,0
2021-06-01,KWT,2,2,0
2021-07-01,KWT,8,3,5
2021-08-01,KWT,10,8,2
2021-09-01,KWT,2,2,0
2021-10-01,KWT,9,4,5
2021-11-01,KWT,2,2,0
2021-12-01,KWT,6,5,1
2022-01-01,KWT,27,19,8
2022-02-01,KWT,19,8,11
2022-03-01,KWT,19,12,7
2022-04-01,KWT,89,48,41
2022-05-01,KWT,191,119,72
2022-06-01,KWT,364,191,173
2022-07-01,KWT,932,485,447
2022-08-01,KWT,1445,719,726
2022-09-01,KWT,471,257,214
2022-10-01,KWT,316,201,115
2022-11-01,KWT,328,214,114
2022-12-01,KWT,459,279,180
2023-01-01,KWT,1275,659,616
2023-02-01,KWT,398,236,162
2023-03-01,KWT,226,148,78
2023-04-01,KWT,343,191,152
2023-05-01,KWT,411,258,153
2023-06-01,KWT,1448,720,728
2023-07-01,KWT,2735,1430,1305
2023-08-01,KWT,4043,1968,2075
2023-09-01,KWT,831,442,389
2023-10-01,KWT,425,275,150
2023-11-01,KWT,314,198,116
2023-12-01,KWT,393,240,153
2024-01-01,KWT,1369,714,655
2024-02-01,KWT,411,263,148
2024-03-01,KWT,125,89,36
2024-04-01,KWT,230,142,88
2024-05-01,KWT,333,210,123
2024-06-01,KWT,1253,680,573
2020-01-01,LAO,2624,532,2092
2020-02-01,LAO,2863,1053,1810
2020-03-01,LAO,1133,180,953
2020-04-01,LAO,2,0,2
2020-05-01,LAO,4,0,4
2020-06-01,LAO,0,0,0
2020-07-01,LAO,9,0,9
2020-08-01,LAO,1,1,0
2020-09-01,LAO,1,0,1
2020-10-01,LAO,3,3,0
2020-11-01,LAO,3,1,2
2020-12-01,LAO,3,1,2
2021-01-01,LAO,3,1,2
2021-02-01,LAO,1,0,1
2021-03-01,LAO,2,1,1
2021-04-01,LAO,46,42,4
2021-05-01,LAO,74,73,1
2021-06-01,LAO,86,85,1
2021-07-01,LAO,96,95,1
2021-08-01,LAO,202,202,0
2021-09-01,LAO,23,23,0
2021-10-01,LAO,1,0,1
2021-11-01,LAO,1,0,1
2021-12-01,LAO,19,15,4
2022-01-01,LAO,19,13,6
2022-02-01,LAO,42,36,6
2022-03-01,LAO,117,114,3
2022-04-01,LAO,293,251,42
2022-05-01,LAO,443,247,196
2022-06-01,LAO,490,117,373
2022-07-01,LAO,1082,245,837
2022-08-01,LAO,1170,241,929
2022-09-01,LAO,1387,295,1092
2022-10-01,LAO,1515,295,1220
2022-11-01,LAO,1508,266,1242
2022-12-01,LAO,1496,297,1199
2023-01-01,LAO,1803,438,1365
2023-02-01,LAO,2451,1060,1391
2023-03-01,LAO,2138,498,1640
2023-04-01,LAO,2000,437,1563
2023-05-01,LAO,2269,385,1884
2023-06-01,LAO,1610,323,1287
2023-07-01,LAO,1553,382,1171
2023-08-01,LAO,1913,556,1357
2023-09-01,LAO,1965,343,1622
2023-10-01,LAO,2141,388,1753
2023-11-01,LAO,2044,383,1661
2023-12-01,LAO,2076,327,1749
2024-01-01,LAO,2049,323,1726
2024-02-01,LAO,3288,1286,2002
2024-03-01,LAO,2714,715,1999
2024-04-01,LAO,1711,345,1366
2024-05-01,LAO,2266,402,1864
2024-06-01,LAO,2348,424,1924
2020-01-01,LBN,285,177,108
2020-02-01,LBN,246,181,65
2020-03-01,LBN,88,70,18
2020-04-01,LBN,0,0,0
2020-05-01,LBN,1,1,0
2020-06-01,LBN,0,0,0
2020-07-01,LBN,3,3,0
2020-08-01,LBN,0,0,0
2020-09-01,LBN,5,4,1
2020-10-01,LBN,3,1,2
2020-11-01,LBN,2,2,0
2020-12-01,LBN,6,4,2
2021-01-01,LBN,2,2,0
2021-02-01,LBN,2,1,1
2021-03-01,LBN,4,3,1
2021-04-01,LBN,5,5,0
2021-05-01,LBN,4,1,3
2021-06-01,LBN,4,2,2
2021-07-01,LBN,2,2,0
2021-08-01,LBN,1,1,0
2021-09-01,LBN,7,4,3
2021-10-01,LBN,14,10,4
2021-11-01,LBN,14,9,5
2021-12-01,LBN,14,8,6
2022-01-01,LBN,28,17,11
2022-02-01,LBN,22,15,7
2022-03-01,LBN,24,17,7
2022-04-01,LBN,102,62,40
2022-05-01,LBN,165,110,55
2022-06-01,LBN,137,87,50
2022-07-01,LBN,190,123,67
2022-08-01,LBN,195,129,66
2022-09-01,LBN,215,138,77
2022-10-01,LBN,204,140,64
2022-11-01,LBN,189,135,54
2022-12-01,LBN,263,155,108
2023-01-01,LBN,187,113,74
2023-02-01,LBN,245,153,92
2023-03-01,LBN,224,153,71
2023-04-01,LBN,262,168,94
2023-05-01,LBN,265,188,77
2023-06-01,LBN,251,163,88
2023-07-01,LBN,316,186,130
2023-08-01,LBN,296,171,125
2023-09-01,LBN,338,213,125
2023-10-01,LBN,313,210,103
2023-11-01,LBN,329,213,116
2023-12-01,LBN,490,297,193
2024-01-01,LBN,365,226,139
2024-02-01,LBN,373,241,132
2024-03-01,LBN,272,181,91
2024-04-01,LBN,416,262,154
2024-05-01,LBN,315,206,109
2024-06-01,LBN,438,253,185
2020-01-01,LBR,15,13,2
2020-02-01,LBR,4,3,1
2020-03-01,LBR,3,3,0
2020-04-01,LBR,0,0,0
2020-05-01,LBR,0,0,0
2020-06-01,LBR,0,0,0
2020-07-01,LBR,1,1,0
2020-08-01,LBR,0,0,0
2020-09-01,LBR,0,0,0
2020-10-01,LBR,0,0,0
2020-11-01,LBR,1,1,0
2020-12-01,LBR,1,1,0
2021-01-01,LBR,0,0,0
2021-02-01,LBR,0,0,0
2021-03-01,LBR,4,3,1
2021-04-01,LBR,4,4,0
2021-05-01,LBR,4,2,2
2021-06-01,LBR,0,0,0
2021-07-01,LBR,1,0,1
2021-08-01,LBR,1,1,0
2021-09-01,LBR,2,2,0
2021-10-01,LBR,2,1,1
2021-11-01,LBR,0,0,0
2021-12-01,LBR,5,5,0
2022-01-01,LBR,3,2,1
2022-02-01,LBR,8,6,2
2022-03-01,LBR,2,2,0
2022-04-01,LBR,0,0,0
2022-05-01,LBR,3,1,2
2022-06-01,LBR,5,5,0
2022-07-01,LBR,6,6,0
2022-08-01,LBR,8,5,3
2022-09-01,LBR,6,5,1
2022-10-01,LBR,25,19,6
2022-11-01,LBR,4,3,1
2022-12-01,LBR,13,12,1
2023-01-01,LBR,14,14,0
2023-02-01,LBR,7,4,3
2023-03-01,LBR,8,7,1
2023-04-01,LBR,7,5,2
2023-05-01,LBR,7,5,2
2023-06-01,LBR,8,6,2
2023-07-01,LBR,4,2,2
2023-08-01,LBR,11,8,3
2023-09-01,LBR,10,10,0
2023-10-01,LBR,12,9,3
2023-11-01,LBR,9,9,0
2023-12-01,LBR,11,11,0
2024-01-01,LBR,5,5,0
2024-02-01,LBR,6,5,1
2024-03-01,LBR,12,9,3
2024-04-01,LBR,6,5,1
2024-05-01,LBR,12,8,4
2024-06-01,LBR,8,7,1
2020-01-01,LBY,900,657,243
2020-02-01,LBY,690,508,182
2020-03-01,LBY,260,186,74
2020-04-01,LBY,0,0,0
2020-05-01,LBY,0,0,0
2020-06-01,LBY,0,0,0
2020-07-01,LBY,1,1,0
2020-08-01,LBY,1,1,0
2020-09-01,LBY,2,1,1
2020-10-01,LBY,5,5,0
2020-11-01,LBY,1,0,1
2020-12-01,LBY,3,3,0
2021-01-01,LBY,13,11,2
2021-02-01,LBY,8,8,0
2021-03-01,LBY,66,59,7
2021-04-01,LBY,50,36,14
2021-05-01,LBY,35,32,3
2021-06-01,LBY,26,18,8
2021-07-01,LBY,14,13,1
2021-08-01,LBY,28,23,5
2021-09-01,LBY,41,36,5
2021-10-01,LBY,76,56,20
2021-11-01,LBY,58,49,9
2021-12-01,LBY,194,124,70
2022-01-01,LBY,135,92,43
2022-02-01,LBY,148,108,40
2022-03-01,LBY,188,122,66
2022-04-01,LBY,133,84,49
2022-05-01,LBY,240,170,70
2022-06-01,LBY,242,172,70
2022-07-01,LBY,140,93,47
2022-08-01,LBY,268,186,82
2022-09-01,LBY,372,254,118
2022-10-01,LBY,321,219,102
2022-11-01,LBY,259,177,82
2022-12-01,LBY,203,141,62
2023-01-01,LBY,278,211,67
2023-02-01,LBY,279,178,101
2023-03-01,LBY,234,178,56
2023-04-01,LBY,139,110,29
2023-05-01,LBY,366,228,138
2023-06-01,LBY,266,179,87
2023-07-01,LBY,338,246,92
2023-08-01,LBY,576,403,173
2023-09-01,LBY,678,470,208
2023-10-01,LBY,447,321,126
2023-11-01,LBY,407,302,105
2023-12-01,LBY,388,284,104
2024-01-01,LBY,432,305,127
2024-02-01,LBY,277,200,77
2024-03-01,LBY,199,148,51
2024-04-01,LBY,292,212,80
2024-05-01,LBY,439,287,152
2024-06-01,LBY,368,257,111
2020-01-01,LCA,18,14,4
2020-02-01,LCA,10,9,1
2020-03-01,LCA,5,5,0
2020-04-01,LCA,0,0,0
2020-05-01,LCA,0,0,0
2020-06-01,LCA,0,0,0
2020-07-01,LCA,0,0,0
2020-08-01,LCA,0,0,0
2020-09-01,LCA,0,0,0
2020-10-01,LCA,1,1,0
2020-11-01,LCA,0,0,0
2020-12-01,LCA,0,0,0
2021-01-01,LCA,1,1,0
2021-02-01,LCA,0,0,0
2021-03-01,LCA,0,0,0
2021-04-01,LCA,0,0,0
2021-05-01,LCA,0,0,0
2021-06-01,LCA,0,0,0
2021-07-01,LCA,0,0,0
2021-08-01,LCA,0,0,0
2021-09-01,LCA,0,0,0
2021-10-01,LCA,0,0,0
2021-11-01,LCA,1,1,0
2021-12-01,LCA,1,1,0
2022-01-01,LCA,2,2,0
2022-02-01,LCA,0,0,0
2022-03-01,LCA,1,1,0
2022-04-01,LCA,3,3,0
2022-05-01,LCA,5,5,0
2022-06-01,LCA,5,5,0
2022-07-01,LCA,8,7,1
2022-08-01,LCA,16,8,8
2022-09-01,LCA,13,12,1
2022-10-01,LCA,15,11,4
2022-11-01,LCA,11,10,1
2022-12-01,LCA,18,12,6
2023-01-01,LCA,23,12,11
2023-02-01,LCA,11,8,3
2023-03-01,LCA,16,14,2
2023-04-01,LCA,22,14,8
2023-05-01,LCA,19,17,2
2023-06-01,LCA,13,11,2
2023-07-01,LCA,18,13,5
2023-08-01,LCA,23,19,4
2023-09-01,LCA,26,19,7
2023-10-01,LCA,16,14,2
2023-11-01,LCA,13,12,1
2023-12-01,LCA,26,18,8
2024-01-01,LCA,16,11,5
2024-02-01,LCA,19,14,5
2024-03-01,LCA,23,16,7
2024-04-01,LCA,14,6,8
2024-05-01,LCA,22,14,8
2024-06-01,LCA,24,18,6
2020-01-01,LIE,14,11,3
2020-02-01,LIE,7,6,1
2020-03-01,LIE,4,1,3
2020-04-01,LIE,0,0,0
2020-05-01,LIE,0,0,0
2020-06-01,LIE,0,0,0
2020-07-01,LIE,0,0,0
2020-08-01,LIE,0,0,0
2020-09-01,LIE,0,0,0
2020-10-01,LIE,0,0,0
2020-11-01,LIE,0,0,0
2020-12-01,LIE,0,0,0
2021-01-01,LIE,0,0,0
2021-02-01,LIE,0,0,0
2021-03-01,LIE,0,0,0
2021-04-01,LIE,1,1,0
2021-05-01,LIE,0,0,0
2021-06-01,LIE,0,0,0
2021-07-01,LIE,0,0,0
2021-08-01,LIE,0,0,0
2021-09-01,LIE,0,0,0
2021-10-01,LIE,1,1,0
2021-11-01,LIE,0,0,0
2021-12-01,LIE,1,1,0
2022-01-01,LIE,0,0,0
2022-02-01,LIE,1,1,0
2022-03-01,LIE,0,0,0
2022-04-01,LIE,1,1,0
2022-05-01,LIE,7,4,3
2022-06-01,LIE,4,2,2
2022-07-01,LIE,4,4,0
2022-08-01,LIE,3,2,1
2022-09-01,LIE,6,6,0
2022-10-01,LIE,6,6,0
2022-11-01,LIE,10,7,3
2022-12-01,LIE,11,7,4
2023-01-01,LIE,6,3,3
2023-02-01,LIE,5,1,4
2023-03-01,LIE,4,3,1
2023-04-01,LIE,5,3,2
2023-05-01,LIE,3,2,1
2023-06-01,LIE,6,3,3
2023-07-01,LIE,20,11,9
2023-08-01,LIE,5,3,2
2023-09-01,LIE,7,7,0
2023-10-01,LIE,17,5,12
2023-11-01,LIE,11,9,2
2023-12-01,LIE,8,5,3
2024-01-01,LIE,14,12,2
2024-02-01,LIE,4,3,1
2024-03-01,LIE,7,5,2
2024-04-01,LIE,20,9,11
2024-05-01,LIE,14,9,5
2024-06-01,LIE,4,2,2
2020-01-01,LKA,4746,3058,1688
2020-02-01,LKA,3638,2492,1146
2020-03-01,LKA,1798,1190,608
2020-04-01,LKA,5,4,1
2020-05-01,LKA,1,1,0
2020-06-01,LKA,9,6,3
2020-07-01,LKA,11,8,3
2020-08-01,LKA,36,28,8
2020-09-01,LKA,41,21,20
2020-10-01,LKA,25,21,4
2020-11-01,LKA,21,12,9
2020-12-01,LKA,37,32,5
2021-01-01,LKA,48,41,7
2021-02-01,LKA,82,53,29
2021-03-01,LKA,121,64,57
2021-04-01,LKA,121,70,51
2021-05-01,LKA,44,34,10
2021-06-01,LKA,3,2,1
2021-07-01,LKA,8,4,4
2021-08-01,LKA,5,4,1
2021-09-01,LKA,4,4,0
2021-10-01,LKA,63,39,24
2021-11-01,LKA,127,77,50
2021-12-01,LKA,204,119,85
2022-01-01,LKA,440,243,197
2022-02-01,LKA,371,208,163
2022-03-01,LKA,360,209,151
2022-04-01,LKA,1229,740,489
2022-05-01,LKA,2182,1379,803
2022-06-01,LKA,2400,1567,833
2022-07-01,LKA,3033,1926,1107
2022-08-01,LKA,3602,2336,1266
2022-09-01,LKA,3472,2282,1190
2022-10-01,LKA,3993,2690,1303
2022-11-01,LKA,4091,2682,1409
2022-12-01,LKA,4877,2968,1909
2023-01-01,LKA,3910,2485,1425
2023-02-01,LKA,3956,2603,1353
2023-03-01,LKA,4499,3079,1420
2023-04-01,LKA,5312,3283,2029
2023-05-01,LKA,5043,3516,1527
2023-06-01,LKA,4747,3153,1594
2023-07-01,LKA,5922,3815,2107
2023-08-01,LKA,7214,4597,2617
2023-09-01,LKA,7352,4665,2687
2023-10-01,LKA,5554,3585,1969
2023-11-01,LKA,5884,3807,2077
2023-12-01,LKA,6881,3974,2907
2024-01-01,LKA,5170,3259,1911
2024-02-01,LKA,4555,2924,1631
2024-03-01,LKA,4200,2634,1566
2024-04-01,LKA,5707,3361,2346
2024-05-01,LKA,6102,3805,2297
2024-06-01,LKA,5450,3337,2113
2020-01-01,LSO,6,4,2
2020-02-01,LSO,5,2,3
2020-03-01,LSO,2,2,0
2020-04-01,LSO,0,0,0
2020-05-01,LSO,0,0,0
2020-06-01,LSO,0,0,0
2020-07-01,LSO,0,0,0
2020-08-01,LSO,0,0,0
2020-09-01,LSO,0,0,0
2020-10-01,LSO,0,0,0
2020-11-01,LSO,0,0,0
2020-12-01,LSO,1,1,0
2021-01-01,LSO,0,0,0
2021-02-01,LSO,0,0,0
2021-03-01,LSO,0,0,0
2021-04-01,LSO,0,0,0
2021-05-01,LSO,2,1,1
2021-06-01,LSO,0,0,0
2021-07-01,LSO,0,0,0
2021-08-01,LSO,0,0,0
2021-09-01,LSO,0,0,0
2021-10-01,LSO,0,0,0
2021-11-01,LSO,0,0,0
2021-12-01,LSO,0,0,0
2022-01-01,LSO,0,0,0
2022-02-01,LSO,7,3,4
2022-03-01,LSO,4,1,3
2022-04-01,LSO,5,0,5
2022-05-01,LSO,6,3,3
2022-06-01,LSO,2,1,1
2022-07-01,LSO,8,4,4
2022-08-01,LSO,1,1,0
2022-09-01,LSO,6,3,3
2022-10-01,LSO,1,1,0
2022-11-01,LSO,6,3,3
2022-12-01,LSO,6,3,3
2023-01-01,LSO,5,3,2
2023-02-01,LSO,4,2,2
2023-03-01,LSO,5,2,3
2023-04-01,LSO,7,2,5
2023-05-01,LSO,2,0,2
2023-06-01,LSO,0,0,0
2023-07-01,LSO,9,4,5
2023-08-01,LSO,6,3,3
2023-09-01,LSO,6,4,2
2023-10-01,LSO,11,4,7
2023-11-01,LSO,3,0,3
2023-12-01,LSO,4,1,3
2024-01-01,LSO,7,0,7
2024-02-01,LSO,7,4,3
2024-03-01,LSO,5,3,2
2024-04-01,LSO,12,5,7
2024-05-01,LSO,6,3,3
2024-06-01,LSO,7,5,2
2020-01-01,LTU,519,262,257
2020-02-01,LTU,620,316,304
2020-03-01,LTU,191,105,86
2020-04-01,LTU,0,0,0
2020-05-01,LTU,3,3,0
2020-06-01,LTU,1,1,0
2020-07-01,LTU,4,4,0
2020-08-01,LTU,8,8,0
2020-09-01,LTU,5,5,0
2020-10-01,LTU,7,4,3
2020-11-01,LTU,3,3,0
2020-12-01,LTU,3,3,0
2021-01-01,LTU,8,7,1
2021-02-01,LTU,3,3,0
2021-03-01,LTU,1,1,0
2021-04-01,LTU,4,2,2
2021-05-01,LTU,9,9,0
2021-06-01,LTU,1,0,1
2021-07-01,LTU,1,1,0
2021-08-01,LTU,5,5,0
2021-09-01,LTU,6,3,3
2021-10-01,LTU,6,4,2
2021-11-01,LTU,3,2,1
2021-12-01,LTU,16,13,3
2022-01-01,LTU,14,8,6
2022-02-01,LTU,13,12,1
2022-03-01,LTU,19,13,6
2022-04-01,LTU,63,33,30
2022-05-01,LTU,100,56,44
2022-06-01,LTU,77,38,39
2022-07-01,LTU,128,66,62
2022-08-01,LTU,171,93,78
2022-09-01,LTU,210,111,99
2022-10-01,LTU,229,124,105
2022-11-01,LTU,287,153,134
2022-12-01,LTU,294,146,148
2023-01-01,LTU,442,218,224
2023-02-01,LTU,736,360,376
2023-03-01,LTU,668,290,378
2023-04-01,LTU,473,220,253
2023-05-01,LTU,302,154,148
2023-06-01,LTU,166,98,68
2023-07-01,LTU,296,139,157
2023-08-01,LTU,272,137,135
2023-09-01,LTU,340,159,181
2023-10-01,LTU,475,246,229
2023-11-01,LTU,703,339,364
2023-12-01,LTU,773,388,385
2024-01-01,LTU,1028,490,538
2024-02-01,LTU,1937,888,1049
2024-03-01,LTU,1393,648,745
2024-04-01,LTU,522,268,254
2024-05-01,LTU,377,201,176
2024-06-01,LTU,333,163,170
2020-01-01,LUX,54,34,20
2020-02-01,LUX,57,33,24
2020-03-01,LUX,33,17,16
2020-04-01,LUX,0,0,0
2020-05-01,LUX,0,0,0
2020-06-01,LUX,0,0,0
2020-07-01,LUX,0,0,0
2020-08-01,LUX,0,0,0
2020-09-01,LUX,1,1,0
2020-10-01,LUX,2,2,0
2020-11-01,LUX,0,0,0
2020-12-01,LUX,0,0,0
2021-01-01,LUX,0,0,0
2021-02-01,LUX,2,1,1
2021-03-01,LUX,0,0,0
2021-04-01,LUX,2,1,1
2021-05-01,LUX,0,0,0
2021-06-01,LUX,0,0,0
2021-07-01,LUX,0,0,0
2021-08-01,LUX,0,0,0
2021-09-01,LUX,1,1,0
2021-10-01,LUX,4,4,0
2021-11-01,LUX,0,0,0
2021-12-01,LUX,1,0,1
2022-01-01,LUX,0,0,0
2022-02-01,LUX,3,2,1
2022-03-01,LUX,1,1,0
2022-04-01,LUX,13,10,3
2022-05-01,LUX,15,14,1
2022-06-01,LUX,19,11,8
2022-07-01,LUX,46,27,19
2022-08-01,LUX,70,37,33
2022-09-01,LUX,44,24,20
2022-10-01,LUX,40,24,16
2022-11-01,LUX,44,21,23
2022-12-01,LUX,50,24,26
2023-01-01,LUX,68,46,22
2023-02-01,LUX,48,33,15
2023-03-01,LUX,71,44,27
2023-04-01,LUX,68,34,34
2023-05-01,LUX,57,36,21
2023-06-01,LUX,42,28,14
2023-07-01,LUX,82,46,36
2023-08-01,LUX,165,96,69
2023-09-01,LUX,41,32,9
2023-10-01,LUX,76,50,26
2023-11-01,LUX,72,53,19
2023-12-01,LUX,60,37,23
2024-01-01,LUX,96,51,45
2024-02-01,LUX,96,57,39
2024-03-01,LUX,92,51,41
2024-04-01,LUX,104,60,44
2024-05-01,LUX,63,37,26
2024-06-01,LUX,67,38,29
2020-01-01,LVA,437,204,233
2020-02-01,LVA,338,149,189
2020-03-01,LVA,138,69,69
2020-04-01,LVA,0,0,0
2020-05-01,LVA,3,3,0
2020-06-01,LVA,1,1,0
2020-07-01,LVA,7,7,0
2020-08-01,LVA,6,6,0
2020-09-01,LVA,5,5,0
2020-10-01,LVA,4,3,1
2020-11-01,LVA,2,2,0
2020-12-01,LVA,1,1,0
2021-01-01,LVA,1,0,1
2021-02-01,LVA,8,7,1
2021-03-01,LVA,12,11,1
2021-04-01,LVA,2,2,0
2021-05-01,LVA,3,3,0
2021-06-01,LVA,2,2,0
2021-07-01,LVA,0,0,0
2021-08-01,LVA,6,5,1
2021-09-01,LVA,4,2,2
2021-10-01,LVA,1,1,0
2021-11-01,LVA,2,2,0
2021-12-01,LVA,7,5,2
2022-01-01,LVA,4,4,0
2022-02-01,LVA,6,5,1
2022-03-01,LVA,3,2,1
2022-04-01,LVA,32,15,17
2022-05-01,LVA,39,22,17
2022-06-01,LVA,32,14,18
2022-07-01,LVA,46,17,29
2022-08-01,LVA,112,67,45
2022-09-01,LVA,72,40,32
2022-10-01,LVA,212,90,122
2022-11-01,LVA,131,67,64
2022-12-01,LVA,167,90,77
2023-01-01,LVA,286,141,145
2023-02-01,LVA,316,135,181
2023-03-01,LVA,485,214,271
2023-04-01,LVA,224,126,98
2023-05-01,LVA,129,60,69
2023-06-01,LVA,73,44,29
2023-07-01,LVA,126,76,50
2023-08-01,LVA,139,78,61
2023-09-01,LVA,198,117,81
2023-10-01,LVA,218,105,113
2023-11-01,LVA,312,131,181
2023-12-01,LVA,320,158,162
2024-01-01,LVA,440,207,233
2024-02-01,LVA,565,252,313
2024-03-01,LVA,470,244,226
2024-04-01,LVA,269,118,151
2024-05-01,LVA,197,119,78
2024-06-01,LVA,164,77,87
2020-01-01,MAC,0,0,0
2020-02-01,MAC,0,0,0
2020-03-01,MAC,0,0,0
2020-04-01,MAC,0,0,0
2020-05-01,MAC,0,0,0
2020-06-01,MAC,0,0,0
2020-07-01,MAC,0,0,0
2020-08-01,MAC,0,0,0
2020-09-01,MAC,0,0,0
2020-10-01,MAC,0,0,0
2020-11-01,MAC,0,0,0
2020-12-01,MAC,0,0,0
2021-01-01,MAC,0,0,0
2021-02-01,MAC,0,0,0
2021-03-01,MAC,0,0,0
2021-04-01,MAC,0,0,0
2021-05-01,MAC,0,0,0
2021-06-01,MAC,0,0,0
2021-07-01,MAC,0,0,0
2021-08-01,MAC,0,0,0
2021-09-01,MAC,0,0,0
2021-10-01,MAC,0,0,0
2021-11-01,MAC,0,0,0
2021-12-01,MAC,0,0,0
2022-01-01,MAC,0,0,0
2022-02-01,MAC,0,0,0
2022-03-01,MAC,0,0,0
2022-04-01,MAC,0,0,0
2022-05-01,MAC,1,0,1
2022-06-01,MAC,0,0,0
2022-07-01,MAC,0,0,0
2022-08-01,MAC,0,0,0
2022-09-01,MAC,0,0,0
2022-10-01,MAC,4,0,4
2022-11-01,MAC,2,1,1
2022-12-01,MAC,9,4,5
2023-01-01,MAC,2,1,1
2023-02-01,MAC,3,0,3
2023-03-01,MAC,3,1,2
2023-04-01,MAC,8,5,3
2023-05-01,MAC,8,3,5
2023-06-01,MAC,4,2,2
2023-07-01,MAC,4,3,1
2023-08-01,MAC,12,7,5
2023-09-01,MAC,13,8,5
2023-10-01,MAC,1,1,0
2023-11-01,MAC,0,0,0
2023-12-01,MAC,25,14,11
2024-01-01,MAC,3,2,1
2024-02-01,MAC,21,9,12
2024-03-01,MAC,1,0,1
2024-04-01,MAC,3,2,1
2024-05-01,MAC,2,0,2
2024-06-01,MAC,3,0,3
2020-01-01,MAR,953,511,442
2020-02-01,MAR,971,532,439
2020-03-01,MAR,376,215,161
2020-04-01,MAR,1,0,1
2020-05-01,MAR,0,0,0
2020-06-01,MAR,5,0,5
2020-07-01,MAR,5,3,2
2020-08-01,MAR,0,0,0
2020-09-01,MAR,5,1,4
2020-10-01,MAR,10,7,3
2020-11-01,MAR,7,3,4
2020-12-01,MAR,4,2,2
2021-01-01,MAR,8,4,4
2021-02-01,MAR,3,1,2
2021-03-01,MAR,11,5,6
2021-04-01,MAR,12,6,6
2021-05-01,MAR,7,5,2
2021-06-01,MAR,6,3,3
2021-07-01,MAR,0,0,0
2021-08-01,MAR,10,5,5
2021-09-01,MAR,16,8,8
2021-10-01,MAR,8,2,6
2021-11-01,MAR,18,9,9
2021-12-01,MAR,22,6,16
2022-01-01,MAR,30,13,17
2022-02-01,MAR,32,7,25
2022-03-01,MAR,37,16,21
2022-04-01,MAR,136,63,73
2022-05-01,MAR,399,180,219
2022-06-01,MAR,349,177,172
2022-07-01,MAR,460,253,207
2022-08-01,MAR,944,451,493
2022-09-01,MAR,714,371,343
2022-10-01,MAR,992,527,465
2022-11-01,MAR,578,340,238
2022-12-01,MAR,482,268,214
2023-01-01,MAR,539,346,193
2023-02-01,MAR,738,425,313
2023-03-01,MAR,632,378,254
2023-04-01,MAR,542,307,235
2023-05-01,MAR,904,487,417
2023-06-01,MAR,652,330,322
2023-07-01,MAR,1297,658,639
2023-08-01,MAR,2895,1279,1616
2023-09-01,MAR,1839,856,983
2023-10-01,MAR,1465,760,705
2023-11-01,MAR,942,527,415
2023-12-01,MAR,1112,589,523
2024-01-01,MAR,1260,686,574
2024-02-01,MAR,1189,684,505
2024-03-01,MAR,643,398,245
2024-04-01,MAR,1132,619,513
2024-05-01,MAR,1799,920,879
2024-06-01,MAR,1361,773,588
2020-01-01,MCO,3,1,2
2020-02-01,MCO,6,2,4
2020-03-01,MCO,2,1,1
2020-04-01,MCO,0,0,0
2020-05-01,MCO,0,0,0
2020-06-01,MCO,0,0,0
2020-07-01,MCO,0,0,0
2020-08-01,MCO,0,0,0
2020-09-01,MCO,0,0,0
2020-10-01,MCO,0,0,0
2020-11-01,MCO,0,0,0
2020-12-01,MCO,0,0,0
2021-01-01,MCO,0,0,0
2021-02-01,MCO,0,0,0
2021-03-01,MCO,0,0,0
2021-04-01,MCO,0,0,0
2021-05-01,MCO,0,0,0
2021-06-01,MCO,0,0,0
2021-07-01,MCO,0,0,0
2021-08-01,MCO,3,0,3
2021-09-01,MCO,0,0,0
2021-10-01,MCO,0,0,0
2021-11-01,MCO,0,0,0
2021-12-01,MCO,0,0,0
2022-01-01,MCO,0,0,0
2022-02-01,MCO,2,1,1
2022-03-01,MCO,0,0,0
2022-04-01,MCO,0,0,0
2022-05-01,MCO,6,2,4
2022-06-01,MCO,4,3,1
2022-07-01,MCO,3,0,3
2022-08-01,MCO,0,0,0
2022-09-01,MCO,0,0,0
2022-10-01,MCO,2,1,1
2022-11-01,MCO,4,1,3
2022-12-01,MCO,1,1,0
2023-01-01,MCO,0,0,0
2023-02-01,MCO,8,5,3
2023-03-01,MCO,1,1,0
2023-04-01,MCO,3,1,2
2023-05-01,MCO,1,0,1
2023-06-01,MCO,1,0,1
2023-07-01,MCO,3,0,3
2023-08-01,MCO,4,2,2
2023-09-01,MCO,2,1,1
2023-10-01,MCO,1,1,0
2023-11-01,MCO,7,7,0
2023-12-01,MCO,3,3,0
2024-01-01,MCO,7,5,2
2024-02-01,MCO,8,5,3
2024-03-01,MCO,3,3,0
2024-04-01,MCO,6,4,2
2024-05-01,MCO,7,6,1
2024-06-01,MCO,2,2,0
2020-01-01,MDA,59,24,35
2020-02-01,MDA,47,23,24
2020-03-01,MDA,31,14,17
2020-04-01,MDA,0,0,0
2020-05-01,MDA,0,0,0
2020-06-01,MDA,0,0,0
2020-07-01,MDA,2,2,0
2020-08-01,MDA,0,0,0
2020-09-01,MDA,1,0,1
2020-10-01,MDA,0,0,0
2020-11-01,MDA,0,0,0
2020-12-01,MDA,0,0,0
2021-01-01,MDA,0,0,0
2021-02-01,MDA,1,1,0
2021-03-01,MDA,0,0,0
2021-04-01,MDA,1,0,1
2021-05-01,MDA,0,0,0
2021-06-01,MDA,0,0,0
2021-07-01,MDA,0,0,0
2021-08-01,MDA,0,0,0
2021-09-01,MDA,1,1,0
2021-10-01,MDA,0,0,0
2021-11-01,MDA,0,0,0
2021-12-01,MDA,0,0,0
2022-01-01,MDA,0,0,0
2022-02-01,MDA,1,0,1
2022-03-01,MDA,0,0,0
2022-04-01,MDA,12,3,9
2022-05-01,MDA,12,5,7
2022-06-01,MDA,9,4,5
2022-07-01,MDA,8,4,4
2022-08-01,MDA,24,12,12
2022-09-01,MDA,39,18,21
2022-10-01,MDA,17,14,3
2022-11-01,MDA,46,25,21
2022-12-01,MDA,24,14,10
2023-01-01,MDA,28,14,14
2023-02-01,MDA,48,23,25
2023-03-01,MDA,37,22,15
2023-04-01,MDA,24,13,11
2023-05-01,MDA,43,25,18
2023-06-01,MDA,33,17,16
2023-07-01,MDA,33,21,12
2023-08-01,MDA,44,26,18
2023-09-01,MDA,37,21,16
2023-10-01,MDA,45,25,20
2023-11-01,MDA,34,21,13
2023-12-01,MDA,37,23,14
2024-01-01,MDA,60,29,31
2024-02-01,MDA,49,18,31
2024-03-01,MDA,71,27,44
2024-04-01,MDA,41,19,22
2024-05-01,MDA,42,16,26
2024-06-01,MDA,42,23,19
2020-01-01,MDG,76,42,34
2020-02-01,MDG,38,19,19
2020-03-01,MDG,28,14,14
2020-04-01,MDG,0,0,0
2020-05-01,MDG,0,0,0
2020-06-01,MDG,0,0,0
2020-07-01,MDG,3,1,2
2020-08-01,MDG,0,0,0
2020-09-01,MDG,0,0,0
2020-10-01,MDG,0,0,0
2020-11-01,MDG,0,0,0
2020-12-01,MDG,0,0,0
2021-01-01,MDG,0,0,0
2021-02-01,MDG,0,0,0
2021-03-01,MDG,0,0,0
2021-04-01,MDG,1,1,0
2021-05-01,MDG,0,0,0
2021-06-01,MDG,0,0,0
2021-07-01,MDG,0,0,0
2021-08-01,MDG,1,1,0
2021-09-01,MDG,0,0,0
2021-10-01,MDG,0,0,0
2021-11-01,MDG,1,0,1
2021-12-01,MDG,0,0,0
2022-01-01,MDG,2,0,2
2022-02-01,MDG,0,0,0
2022-03-01,MDG,1,1,0
2022-04-01,MDG,3,1,2
2022-05-01,MDG,6,3,3
2022-06-01,MDG,15,7,8
2022-07-01,MDG,13,7,6
2022-08-01,MDG,17,7,10
2022-09-01,MDG,16,5,11
2022-10-01,MDG,16,5,11
2022-11-01,MDG,54,15,39
2022-12-01,MDG,36,15,21
2023-01-01,MDG,27,15,12
2023-02-01,MDG,31,12,19
2023-03-01,MDG,104,35,69
2023-04-01,MDG,77,35,42
2023-05-01,MDG,64,28,36
2023-06-01,MDG,70,39,31
2023-07-01,MDG,122,53,69
2023-08-01,MDG,341,128,213
2023-09-01,MDG,113,51,62
2023-10-01,MDG,97,48,49
2023-11-01,MDG,45,22,23
2023-12-01,MDG,93,44,49
2024-01-01,MDG,75,33,42
2024-02-01,MDG,63,31,32
2024-03-01,MDG,119,61,58
2024-04-01,MDG,140,60,80
2024-05-01,MDG,115,45,70
2024-06-01,MDG,138,52,86
2020-01-01,MDV,2541,1332,1209
2020-02-01,MDV,1372,794,578
2020-03-01,MDV,980,566,414
2020-04-01,MDV,0,0,0
2020-05-01,MDV,0,0,0
2020-06-01,MDV,3,2,1
2020-07-01,MDV,1,0,1
2020-08-01,MDV,54,22,32
2020-09-01,MDV,50,20,30
2020-10-01,MDV,83,30,53
2020-11-01,MDV,16,12,4
2020-12-01,MDV,17,11,6
2021-01-01,MDV,40,19,21
2021-02-01,MDV,54,27,27
2021-03-01,MDV,76,36,40
2021-04-01,MDV,97,42,55
2021-05-01,MDV,103,32,71
2021-06-01,MDV,24,12,12
2021-07-01,MDV,24,8,16
2021-08-01,MDV,57,30,27
2021-09-01,MDV,52,20,32
2021-10-01,MDV,94,32,62
2021-11-01,MDV,100,45,55
2021-12-01,MDV,227,102,125
2022-01-01,MDV,347,158,189
2022-02-01,MDV,253,114,139
2022-03-01,MDV,237,129,108
2022-04-01,MDV,1053,560,493
2022-05-01,MDV,1612,849,763
2022-06-01,MDV,1474,757,717
2022-07-01,MDV,4714,2209,2505
2022-08-01,MDV,1849,950,899
2022-09-01,MDV,1845,1067,778
2022-10-01,MDV,1939,1052,887
2022-11-01,MDV,1875,993,882
2022-12-01,MDV,3031,1482,1549
2023-01-01,MDV,2224,1134,1090
2023-02-01,MDV,1807,980,827
2023-03-01,MDV,1888,1095,793
2023-04-01,MDV,1423,778,645
2023-05-01,MDV,1893,1078,815
2023-06-01,MDV,2534,1287,1247
2023-07-01,MDV,6291,3078,3213
2023-08-01,MDV,2368,1251,1117
2023-09-01,MDV,2831,1531,1300
2023-10-01,MDV,2660,1438,1222
2023-11-01,MDV,2487,1407,1080
2023-12-01,MDV,4827,2345,2482
2024-01-01,MDV,3139,1624,1515
2024-02-01,MDV,2627,1412,1215
2024-03-01,MDV,1751,985,766
2024-04-01,MDV,3350,1799,1551
2024-05-01,MDV,5730,2866,2864
2024-06-01,MDV,4205,2285,1920
2020-01-01,MEX,757,421,336
2020-02-01,MEX,503,261,242
2020-03-01,MEX,273,144,129
2020-04-01,MEX,0,0,0
2020-05-01,MEX,0,0,0
2020-06-01,MEX,1,1,0
2020-07-01,MEX,10,9,1
2020-08-01,MEX,82,16,66
2020-09-01,MEX,4,2,2
2020-10-01,MEX,14,12,2
2020-11-01,MEX,6,4,2
2020-12-01,MEX,1,1,0
2021-01-01,MEX,7,7,0
2021-02-01,MEX,3,2,1
2021-03-01,MEX,3,3,0
2021-04-01,MEX,11,7,4
2021-05-01,MEX,11,8,3
2021-06-01,MEX,10,8,2
2021-07-01,MEX,13,9,4
2021-08-01,MEX,14,10,4
2021-09-01,MEX,12,8,4
2021-10-01,MEX,7,6,1
2021-11-01,MEX,7,5,2
2021-12-01,MEX,22,12,10
2022-01-01,MEX,86,49,37
2022-02-01,MEX,32,19,13
2022-03-01,MEX,24,14,10
2022-04-01,MEX,165,103,62
2022-05-01,MEX,253,154,99
2022-06-01,MEX,270,150,120
2022-07-01,MEX,412,239,173
2022-08-01,MEX,421,236,185
2022-09-01,MEX,553,302,251
2022-10-01,MEX,795,410,385
2022-11-01,MEX,601,319,282
2022-12-01,MEX,482,261,221
2023-01-01,MEX,552,291,261
2023-02-01,MEX,527,285,242
2023-03-01,MEX,672,352,320
2023-04-01,MEX,977,470,507
2023-05-01,MEX,786,415,371
2023-06-01,MEX,505,266,239
2023-07-01,MEX,1151,582,569
2023-08-01,MEX,696,362,334
2023-09-01,MEX,1156,542,614
2023-10-01,MEX,1159,596,563
2023-11-01,MEX,1206,590,616
2023-12-01,MEX,1154,570,584
2024-01-01,MEX,840,444,396
2024-02-01,MEX,853,430,423
2024-03-01,MEX,1383,677,706
2024-04-01,MEX,1130,522,608
2024-05-01,MEX,883,437,446
2024-06-01,MEX,847,435,412
2020-01-01,MHL,1,1,0
2020-02-01,MHL,4,2,2
2020-03-01,MHL,5,3,2
2020-04-01,MHL,0,0,0
2020-05-01,MHL,0,0,0
2020-06-01,MHL,0,0,0
2020-07-01,MHL,0,0,0
2020-08-01,MHL,0,0,0
2020-09-01,MHL,0,0,0
2020-10-01,MHL,0,0,0
2020-11-01,MHL,0,0,0
2020-12-01,MHL,0,0,0
2021-01-01,MHL,0,0,0
2021-02-01,MHL,0,0,0
2021-03-01,MHL,0,0,0
2021-04-01,MHL,1,1,0
2021-05-01,MHL,0,0,0
2021-06-01,MHL,0,0,0
2021-07-01,MHL,0,0,0
2021-08-01,MHL,0,0,0
2021-09-01,MHL,0,0,0
2021-10-01,MHL,1,1,0
2021-11-01,MHL,0,0,0
2021-12-01,MHL,0,0,0
2022-01-01,MHL,0,0,0
2022-02-01,MHL,0,0,0
2022-03-01,MHL,0,0,0
2022-04-01,MHL,2,2,0
2022-05-01,MHL,0,0,0
2022-06-01,MHL,3,0,3
2022-07-01,MHL,2,2,0
2022-08-01,MHL,2,2,0
2022-09-01,MHL,1,1,0
2022-10-01,MHL,4,3,1
2022-11-01,MHL,4,3,1
2022-12-01,MHL,0,0,0
2023-01-01,MHL,9,5,4
2023-02-01,MHL,2,2,0
2023-03-01,MHL,4,4,0
2023-04-01,MHL,9,8,1
2023-05-01,MHL,5,4,1
2023-06-01,MHL,0,0,0
2023-07-01,MHL,4,4,0
2023-08-01,MHL,7,6,1
2023-09-01,MHL,4,1,3
2023-10-01,MHL,4,2,2
2023-11-01,MHL,4,4,0
2023-12-01,MHL,3,2,1
2024-01-01,MHL,4,2,2
2024-02-01,MHL,8,7,1
2024-03-01,MHL,1,1,0
2024-04-01,MHL,2,2,0
2024-05-01,MHL,5,4,1
2024-06-01,MHL,6,3,3
2020-01-01,MKD,37,25,12
2020-02-01,MKD,70,44,26
2020-03-01,MKD,17,11,6
2020-04-01,MKD,0,0,0
2020-05-01,MKD,0,0,0
2020-06-01,MKD,1,1,0
2020-07-01,MKD,0,0,0
2020-08-01,MKD,0,0,0
2020-09-01,MKD,0,0,0
2020-10-01,MKD,4,2,2
2020-11-01,MKD,0,0,0
2020-12-01,MKD,0,0,0
2021-01-01,MKD,0,0,0
2021-02-01,MKD,0,0,0
2021-03-01,MKD,1,1,0
2021-04-01,MKD,2,2,0
2021-05-01,MKD,2,2,0
2021-06-01,MKD,0,0,0
2021-07-01,MKD,0,0,0
2021-08-01,MKD,1,0,1
2021-09-01,MKD,0,0,0
2021-10-01,MKD,4,2,2
2021-11-01,MKD,1,0,1
2021-12-01,MKD,0,0,0
2022-01-01,MKD,0,0,0
2022-02-01,MKD,1,1,0
2022-03-01,MKD,1,0,1
2022-04-01,MKD,10,4,6
2022-05-01,MKD,12,4,8
2022-06-01,MKD,15,11,4
2022-07-01,MKD,9,5,4
2022-08-01,MKD,22,16,6
2022-09-01,MKD,40,24,16
2022-10-01,MKD,43,22,21
2022-11-01,MKD,24,18,6
2022-12-01,MKD,28,12,16
2023-01-01,MKD,31,15,16
2023-02-01,MKD,27,16,11
2023-03-01,MKD,61,33,28
2023-04-01,MKD,52,29,23
2023-05-01,MKD,69,34,35
2023-06-01,MKD,28,18,10
2023-07-01,MKD,35,15,20
2023-08-01,MKD,57,29,28
2023-09-01,MKD,49,29,20
2023-10-01,MKD,64,30,34
2023-11-01,MKD,40,28,12
2023-12-01,MKD,66,33,33
2024-01-01,MKD,104,60,44
2024-02-01,MKD,77,35,42
2024-03-01,MKD,47,24,23
2024-04-01,MKD,69,30,39
2024-05-01,MKD,68,32,36
2024-06-01,MKD,43,27,16
2020-01-01,MLI,11,8,3
2020-02-01,MLI,6,6,0
2020-03-01,MLI,12,10,2
2020-04-01,MLI,0,0,0
2020-05-01,MLI,0,0,0
2020-06-01,MLI,0,0,0
2020-07-01,MLI,0,0,0
2020-08-01,MLI,0,0,0
2020-09-01,MLI,1,1,0
2020-10-01,MLI,1,1,0
2020-11-01,MLI,0,0,0
2020-12-01,MLI,0,0,0
2021-01-01,MLI,1,1,0
2021-02-01,MLI,0,0,0
2021-03-01,MLI,3,3,0
2021-04-01,MLI,6,4,2
2021-05-01,MLI,1,1,0
2021-06-01,MLI,0,0,0
2021-07-01,MLI,0,0,0
2021-08-01,MLI,0,0,0
2021-09-01,MLI,0,0,0
2021-10-01,MLI,3,3,0
2021-11-01,MLI,4,4,0
2021-12-01,MLI,1,0,1
2022-01-01,MLI,1,1,0
2022-02-01,MLI,3,2,1
2022-03-01,MLI,2,1,1
2022-04-01,MLI,2,2,0
2022-05-01,MLI,0,0,0
2022-06-01,MLI,5,4,1
2022-07-01,MLI,4,4,0
2022-08-01,MLI,8,8,0
2022-09-01,MLI,7,5,2
2022-10-01,MLI,10,7,3
2022-11-01,MLI,3,3,0
2022-12-01,MLI,8,8,0
2023-01-01,MLI,18,16,2
2023-02-01,MLI,6,4,2
2023-03-01,MLI,7,6,1
2023-04-01,MLI,6,3,3
2023-05-01,MLI,15,10,5
2023-06-01,MLI,13,9,4
2023-07-01,MLI,20,16,4
2023-08-01,MLI,15,12,3
2023-09-01,MLI,21,16,5
2023-10-01,MLI,14,8,6
2023-11-01,MLI,10,8,2
2023-12-01,MLI,13,12,1
2024-01-01,MLI,9,5,4
2024-02-01,MLI,22,16,6
2024-03-01,MLI,5,4,1
2024-04-01,MLI,10,8,2
2024-05-01,MLI,14,9,5
2024-06-01,MLI,10,7,3
2020-01-01,MLT,64,43,21
2020-02-01,MLT,54,38,16
2020-03-01,MLT,13,11,2
2020-04-01,MLT,0,0,0
2020-05-01,MLT,0,0,0
2020-06-01,MLT,0,0,0
2020-07-01,MLT,0,0,0
2020-08-01,MLT,4,4,0
2020-09-01,MLT,0,0,0
2020-10-01,MLT,1,1,0
2020-11-01,MLT,0,0,0
2020-12-01,MLT,0,0,0
2021-01-01,MLT,1,1,0
2021-02-01,MLT,1,1,0
2021-03-01,MLT,2,1,1
2021-04-01,MLT,1,1,0
2021-05-01,MLT,2,2,0
2021-06-01,MLT,1,1,0
2021-07-01,MLT,0,0,0
2021-08-01,MLT,0,0,0
2021-09-01,MLT,2,2,0
2021-10-01,MLT,0,0,0
2021-11-01,MLT,1,0,1
2021-12-01,MLT,2,2,0
2022-01-01,MLT,3,3,0
2022-02-01,MLT,2,2,0
2022-03-01,MLT,1,0,1
2022-04-01,MLT,11,8,3
2022-05-01,MLT,30,20,10
2022-06-01,MLT,30,20,10
2022-07-01,MLT,68,36,32
2022-08-01,MLT,63,33,30
2022-09-01,MLT,41,27,14
2022-10-01,MLT,40,27,13
2022-11-01,MLT,83,48,35
2022-12-01,MLT,55,36,19
2023-01-01,MLT,78,42,36
2023-02-01,MLT,56,37,19
2023-03-01,MLT,67,44,23
2023-04-01,MLT,59,36,23
2023-05-01,MLT,42,27,15
2023-06-01,MLT,37,26,11
2023-07-01,MLT,76,42,34
2023-08-01,MLT,112,65,47
2023-09-01,MLT,80,51,29
2023-10-01,MLT,37,28,9
2023-11-01,MLT,95,58,37
2023-12-01,MLT,84,46,38
2024-01-01,MLT,92,56,36
2024-02-01,MLT,57,34,23
2024-03-01,MLT,93,54,39
2024-04-01,MLT,65,41,24
2024-05-01,MLT,50,27,23
2024-06-01,MLT,73,43,30
2020-01-01,MMR,16744,10408,6336
2020-02-01,MMR,12925,8941,3984
2020-03-01,MMR,6463,4355,2108
2020-04-01,MMR,16,11,5
2020-05-01,MMR,10,6,4
2020-06-01,MMR,37,17,20
2020-07-01,MMR,13,4,9
2020-08-01,MMR,96,86,10
2020-09-01,MMR,125,114,11
2020-10-01,MMR,80,71,9
2020-11-01,MMR,161,143,18
2020-12-01,MMR,139,130,9
2021-01-01,MMR,130,123,7
2021-02-01,MMR,75,66,9
2021-03-01,MMR,132,110,22
2021-04-01,MMR,109,95,14
2021-05-01,MMR,69,59,10
2021-06-01,MMR,80,67,13
2021-07-01,MMR,112,105,7
2021-08-01,MMR,59,55,4
2021-09-01,MMR,161,135,26
2021-10-01,MMR,180,147,33
2021-11-01,MMR,210,195,15
2021-12-01,MMR,341,295,46
2022-01-01,MMR,374,320,54
2022-02-01,MMR,301,235,66
2022-03-01,MMR,450,372,78
2022-04-01,MMR,1201,581,620
2022-05-01,MMR,3092,1493,1599
2022-06-01,MMR,5716,2717,2999
2022-07-01,MMR,7811,4034,3777
2022-08-01,MMR,9446,5152,4294
2022-09-01,MMR,10305,5959,4346
2022-10-01,MMR,10972,6039,4933
2022-11-01,MMR,11937,7322,4615
2022-12-01,MMR,13322,7173,6149
2023-01-01,MMR,11974,6164,5810
2023-02-01,MMR,10494,6215,4279
2023-03-01,MMR,11748,6474,5274
2023-04-01,MMR,11796,6094,5702
2023-05-01,MMR,13511,7889,5622
2023-06-01,MMR,12712,6291,6421
2023-07-01,MMR,13593,7346,6247
2023-08-01,MMR,13982,7398,6584
2023-09-01,MMR,14707,7127,7580
2023-10-01,MMR,13012,6322,6690
2023-11-01,MMR,13288,6377,6911
2023-12-01,MMR,15878,7007,8871
2024-01-01,MMR,11092,5820,5272
2024-02-01,MMR,12974,5930,7044
2024-03-01,MMR,16905,7974,8931
2024-04-01,MMR,14130,6927,7203
2024-05-01,MMR,19374,10381,8993
2024-06-01,MMR,16367,6159,10208
2020-01-01,MNE,24,19,5
2020-02-01,MNE,28,17,11
2020-03-01,MNE,7,5,2
2020-04-01,MNE,0,0,0
2020-05-01,MNE,0,0,0
2020-06-01,MNE,1,0,1
2020-07-01,MNE,10,10,0
2020-08-01,MNE,1,1,0
2020-09-01,MNE,1,0,1
2020-10-01,MNE,0,0,0
2020-11-01,MNE,1,1,0
2020-12-01,MNE,5,5,0
2021-01-01,MNE,7,7,0
2021-02-01,MNE,8,8,0
2021-03-01,MNE,19,19,0
2021-04-01,MNE,6,6,0
2021-05-01,MNE,3,3,0
2021-06-01,MNE,3,3,0
2021-07-01,MNE,5,4,1
2021-08-01,MNE,5,5,0
2021-09-01,MNE,5,5,0
2021-10-01,MNE,1,1,0
2021-11-01,MNE,6,6,0
2021-12-01,MNE,8,8,0
2022-01-01,MNE,5,5,0
2022-02-01,MNE,9,9,0
2022-03-01,MNE,5,4,1
2022-04-01,MNE,4,3,1
2022-05-01,MNE,8,7,1
2022-06-01,MNE,5,4,1
2022-07-01,MNE,5,4,1
2022-08-01,MNE,7,7,0
2022-09-01,MNE,8,7,1
2022-10-01,MNE,11,9,2
2022-11-01,MNE,11,11,0
2022-12-01,MNE,7,7,0
2023-01-01,MNE,7,5,2
2023-02-01,MNE,9,8,1
2023-03-01,MNE,13,13,0
2023-04-01,MNE,27,15,12
2023-05-01,MNE,13,10,3
2023-06-01,MNE,14,12,2
2023-07-01,MNE,14,13,1
2023-08-01,MNE,21,14,7
2023-09-01,MNE,11,7,4
2023-10-01,MNE,15,15,0
2023-11-01,MNE,19,17,2
2023-12-01,MNE,26,20,6
2024-01-01,MNE,37,26,11
2024-02-01,MNE,20,15,5
2024-03-01,MNE,22,15,7
2024-04-01,MNE,25,19,6
2024-05-01,MNE,21,20,1
2024-06-01,MNE,11,5,6
2020-01-01,MNG,919,386,533
2020-02-01,MNG,300,115,185
2020-03-01,MNG,151,60,91
2020-04-01,MNG,0,0,0
2020-05-01,MNG,0,0,0
2020-06-01,MNG,0,0,0
2020-07-01,MNG,0,0,0
2020-08-01,MNG,3,0,3
2020-09-01,MNG,0,0,0
2020-10-01,MNG,4,2,2
2020-11-01,MNG,2,0,2
2020-12-01,MNG,0,0,0
2021-01-01,MNG,0,0,0
2021-02-01,MNG,0,0,0
2021-03-01,MNG,0,0,0
2021-04-01,MNG,0,0,0
2021-05-01,MNG,3,0,3
2021-06-01,MNG,1,0,1
2021-07-01,MNG,0,0,0
2021-08-01,MNG,1,0,1
2021-09-01,MNG,2,0,2
2021-10-01,MNG,3,0,3
2021-11-01,MNG,2,1,1
2021-12-01,MNG,7,2,5
2022-01-01,MNG,9,3,6
2022-02-01,MNG,13,7,6
2022-03-01,MNG,14,3,11
2022-04-01,MNG,88,32,56
2022-05-01,MNG,149,67,82
2022-06-01,MNG,188,69,119
2022-07-01,MNG,354,151,203
2022-08-01,MNG,289,113,176
2022-09-01,MNG,358,162,196
2022-10-01,MNG,326,152,174
2022-11-01,MNG,400,188,212
2022-12-01,MNG,680,281,399
2023-01-01,MNG,1218,574,644
2023-02-01,MNG,649,255,394
2023-03-01,MNG,491,193,298
2023-04-01,MNG,421,187,234
2023-05-01,MNG,411,148,263
2023-06-01,MNG,362,150,212
2023-07-01,MNG,530,209,321
2023-08-01,MNG,456,195,261
2023-09-01,MNG,406,165,241
2023-10-01,MNG,496,169,327
2023-11-01,MNG,621,242,379
2023-12-01,MNG,973,434,539
2024-01-01,MNG,2097,948,1149
2024-02-01,MNG,706,301,405
2024-03-01,MNG,634,280,354
2024-04-01,MNG,546,229,317
2024-05-01,MNG,500,191,309
2024-06-01,MNG,631,232,399
2020-01-01,MNP,2,2,0
2020-02-01,MNP,0,0,0
2020-03-01,MNP,0,0,0
2020-04-01,MNP,0,0,0
2020-05-01,MNP,0,0,0
2020-06-01,MNP,0,0,0
2020-07-01,MNP,0,0,0
2020-08-01,MNP,0,0,0
2020-09-01,MNP,0,0,0
2020-10-01,MNP,0,0,0
2020-11-01,MNP,0,0,0
2020-12-01,MNP,0,0,0
2021-01-01,MNP,0,0,0
2021-02-01,MNP,0,0,0
2021-03-01,MNP,0,0,0
2021-04-01,MNP,0,0,0
2021-05-01,MNP,0,0,0
2021-06-01,MNP,0,0,0
2021-07-01,MNP,0,0,0
2021-08-01,MNP,0,0,0
2021-09-01,MNP,0,0,0
2021-10-01,MNP,0,0,0
2021-11-01,MNP,0,0,0
2021-12-01,MNP,0,0,0
2022-01-01,MNP,0,0,0
2022-02-01,MNP,0,0,0
2022-03-01,MNP,0,0,0
2022-04-01,MNP,0,0,0
2022-05-01,MNP,0,0,0
2022-06-01,MNP,0,0,0
2022-07-01,MNP,0,0,0
2022-08-01,MNP,0,0,0
2022-09-01,MNP,0,0,0
2022-10-01,MNP,0,0,0
2022-11-01,MNP,0,0,0
2022-12-01,MNP,0,0,0
2023-01-01,MNP,0,0,0
2023-02-01,MNP,0,0,0
2023-03-01,MNP,1,0,1
2023-04-01,MNP,0,0,0
2023-05-01,MNP,0,0,0
2023-06-01,MNP,0,0,0
2023-07-01,MNP,0,0,0
2023-08-01,MNP,0,0,0
2023-09-01,MNP,0,0,0
2023-10-01,MNP,0,0,0
2023-11-01,MNP,0,0,0
2023-12-01,MNP,0,0,0
2024-01-01,MNP,0,0,0
2024-02-01,MNP,0,0,0
2024-03-01,MNP,0,0,0
2024-04-01,MNP,0,0,0
2024-05-01,MNP,0,0,0
2024-06-01,MNP,0,0,0
2020-01-01,MOZ,88,53,35
2020-02-01,MOZ,18,13,5
2020-03-01,MOZ,7,4,3
2020-04-01,MOZ,0,0,0
2020-05-01,MOZ,0,0,0
2020-06-01,MOZ,0,0,0
2020-07-01,MOZ,0,0,0
2020-08-01,MOZ,0,0,0
2020-09-01,MOZ,1,0,1
2020-10-01,MOZ,1,0,1
2020-11-01,MOZ,0,0,0
2020-12-01,MOZ,3,3,0
2021-01-01,MOZ,2,1,1
2021-02-01,MOZ,3,1,2
2021-03-01,MOZ,10,7,3
2021-04-01,MOZ,4,4,0
2021-05-01,MOZ,8,3,5
2021-06-01,MOZ,6,3,3
2021-07-01,MOZ,0,0,0
2021-08-01,MOZ,8,6,2
2021-09-01,MOZ,3,2,1
2021-10-01,MOZ,7,4,3
2021-11-01,MOZ,0,0,0
2021-12-01,MOZ,0,0,0
2022-01-01,MOZ,14,7,7
2022-02-01,MOZ,6,2,4
2022-03-01,MOZ,12,5,7
2022-04-01,MOZ,9,7,2
2022-05-01,MOZ,10,6,4
2022-06-01,MOZ,42,23,19
2022-07-01,MOZ,7,3,4
2022-08-01,MOZ,17,11,6
2022-09-01,MOZ,25,16,9
2022-10-01,MOZ,26,18,8
2022-11-01,MOZ,14,10,4
2022-12-01,MOZ,22,10,12
2023-01-01,MOZ,46,22,24
2023-02-01,MOZ,13,8,5
2023-03-01,MOZ,14,5,9
2023-04-01,MOZ,18,9,9
2023-05-01,MOZ,71,34,37
2023-06-01,MOZ,17,8,9
2023-07-01,MOZ,25,12,13
2023-08-01,MOZ,32,13,19
2023-09-01,MOZ,27,14,13
2023-10-01,MOZ,14,10,4
2023-11-01,MOZ,19,8,11
2023-12-01,MOZ,41,22,19
2024-01-01,MOZ,97,44,53
2024-02-01,MOZ,23,9,14
2024-03-01,MOZ,26,14,12
2024-04-01,MOZ,21,10,11
2024-05-01,MOZ,58,38,20
2024-06-01,MOZ,21,8,13
2020-01-01,MRT,36,24,12
2020-02-01,MRT,26,25,1
2020-03-01,MRT,8,7,1
2020-04-01,MRT,1,1,0
2020-05-01,MRT,0,0,0
2020-06-01,MRT,0,0,0
2020-07-01,MRT,0,0,0
2020-08-01,MRT,0,0,0
2020-09-01,MRT,1,1,0
2020-10-01,MRT,0,0,0
2020-11-01,MRT,0,0,0
2020-12-01,MRT,0,0,0
2021-01-01,MRT,5,4,1
2021-02-01,MRT,4,4,0
2021-03-01,MRT,2,2,0
2021-04-01,MRT,2,1,1
2021-05-01,MRT,3,3,0
2021-06-01,MRT,0,0,0
2021-07-01,MRT,1,1,0
2021-08-01,MRT,0,0,0
2021-09-01,MRT,5,4,1
2021-10-01,MRT,3,2,1
2021-11-01,MRT,9,8,1
2021-12-01,MRT,8,7,1
2022-01-01,MRT,18,15,3
2022-02-01,MRT,7,5,2
2022-03-01,MRT,2,2,0
2022-04-01,MRT,9,9,0
2022-05-01,MRT,17,14,3
2022-06-01,MRT,9,7,2
2022-07-01,MRT,18,16,2
2022-08-01,MRT,26,18,8
2022-09-01,MRT,17,11,6
2022-10-01,MRT,52,48,4
2022-11-01,MRT,26,24,2
2022-12-01,MRT,15,11,4
2023-01-01,MRT,18,12,6
2023-02-01,MRT,14,11,3
2023-03-01,MRT,23,21,2
2023-04-01,MRT,11,8,3
2023-05-01,MRT,14,13,1
2023-06-01,MRT,11,11,0
2023-07-01,MRT,22,17,5
2023-08-01,MRT,30,24,6
2023-09-01,MRT,35,31,4
2023-10-01,MRT,27,23,4
2023-11-01,MRT,25,19,6
2023-12-01,MRT,30,22,8
2024-01-01,MRT,32,23,9
2024-02-01,MRT,32,22,10
2024-03-01,MRT,26,22,4
2024-04-01,MRT,15,13,2
2024-05-01,MRT,23,16,7
2024-06-01,MRT,26,22,4
2020-01-01,MUS,1576,786,790
2020-02-01,MUS,609,314,295
2020-03-01,MUS,227,153,74
2020-04-01,MUS,0,0,0
2020-05-01,MUS,0,0,0
2020-06-01,MUS,0,0,0
2020-07-01,MUS,1,1,0
2020-08-01,MUS,1,0,1
2020-09-01,MUS,4,2,2
2020-10-01,MUS,11,5,6
2020-11-01,MUS,6,4,2
2020-12-01,MUS,5,0,5
2021-01-01,MUS,8,5,3
2021-02-01,MUS,7,1,6
2021-03-01,MUS,27,7,20
2021-04-01,MUS,8,4,4
2021-05-01,MUS,13,4,9
2021-06-01,MUS,7,3,4
2021-07-01,MUS,5,4,1
2021-08-01,MUS,6,1,5
2021-09-01,MUS,7,4,3
2021-10-01,MUS,11,6,5
2021-11-01,MUS,16,9,7
2021-12-01,MUS,31,15,16
2022-01-01,MUS,47,16,31
2022-02-01,MUS,44,20,24
2022-03-01,MUS,43,25,18
2022-04-01,MUS,94,49,45
2022-05-01,MUS,173,94,79
2022-06-01,MUS,200,102,98
2022-07-01,MUS,314,159,155
2022-08-01,MUS,335,171,164
2022-09-01,MUS,366,179,187
2022-10-01,MUS,350,229,121
2022-11-01,MUS,2238,1126,1112
2022-12-01,MUS,2280,1087,1193
2023-01-01,MUS,1421,733,688
2023-02-01,MUS,1178,591,587
2023-03-01,MUS,1984,1033,951
2023-04-01,MUS,1964,1003,961
2023-05-01,MUS,1489,837,652
2023-06-01,MUS,1085,556,529
2023-07-01,MUS,1527,790,737
2023-08-01,MUS,1736,882,854
2023-09-01,MUS,1946,1036,910
2023-10-01,MUS,1875,991,884
2023-11-01,MUS,2976,1389,1587
2023-12-01,MUS,3346,1606,1740
2024-01-01,MUS,1914,984,930
2024-02-01,MUS,1605,799,806
2024-03-01,MUS,1537,804,733
2024-04-01,MUS,2523,1249,1274
2024-05-01,MUS,1135,608,527
2024-06-01,MUS,1368,738,630
2020-01-01,MWI,37,15,22
2020-02-01,MWI,22,16,6
2020-03-01,MWI,6,5,1
2020-04-01,MWI,0,0,0
2020-05-01,MWI,0,0,0
2020-06-01,MWI,0,0,0
2020-07-01,MWI,0,0,0
2020-08-01,MWI,0,0,0
2020-09-01,MWI,0,0,0
2020-10-01,MWI,0,0,0
2020-11-01,MWI,1,1,0
2020-12-01,MWI,1,1,0
2021-01-01,MWI,0,0,0
2021-02-01,MWI,0,0,0
2021-03-01,MWI,8,4,4
2021-04-01,MWI,7,5,2
2021-05-01,MWI,5,1,4
2021-06-01,MWI,1,0,1
2021-07-01,MWI,1,1,0
2021-08-01,MWI,4,3,1
2021-09-01,MWI,0,0,0
2021-10-01,MWI,1,0,1
2021-11-01,MWI,4,2,2
2021-12-01,MWI,0,0,0
2022-01-01,MWI,7,3,4
2022-02-01,MWI,3,2,1
2022-03-01,MWI,7,4,3
2022-04-01,MWI,4,3,1
2022-05-01,MWI,7,4,3
2022-06-01,MWI,18,8,10
2022-07-01,MWI,12,9,3
2022-08-01,MWI,29,16,13
2022-09-01,MWI,17,10,7
2022-10-01,MWI,9,6,3
2022-11-01,MWI,40,19,21
2022-12-01,MWI,21,9,12
2023-01-01,MWI,19,12,7
2023-02-01,MWI,17,9,8
2023-03-01,MWI,24,11,13
2023-04-01,MWI,13,7,6
2023-05-01,MWI,18,11,7
2023-06-01,MWI,12,7,5
2023-07-01,MWI,15,7,8
2023-08-01,MWI,25,8,17
2023-09-01,MWI,22,13,9
2023-10-01,MWI,22,13,9
2023-11-01,MWI,32,20,12
2023-12-01,MWI,38,21,17
2024-01-01,MWI,24,14,10
2024-02-01,MWI,21,10,11
2024-03-01,MWI,23,16,7
2024-04-01,MWI,25,14,11
2024-05-01,MWI,20,16,4
2024-06-01,MWI,20,13,7
2020-01-01,MYT,1,0,1
2020-02-01,MYT,0,0,0
2020-03-01,MYT,0,0,0
2020-04-01,MYT,0,0,0
2020-05-01,MYT,0,0,0
2020-06-01,MYT,0,0,0
2020-07-01,MYT,0,0,0
2020-08-01,MYT,0,0,0
2020-09-01,MYT,0,0,0
2020-10-01,MYT,0,0,0
2020-11-01,MYT,0,0,0
2020-12-01,MYT,0,0,0
2021-01-01,MYT,0,0,0
2021-02-01,MYT,0,0,0
2021-03-01,MYT,0,0,0
2021-04-01,MYT,0,0,0
2021-05-01,MYT,0,0,0
2021-06-01,MYT,0,0,0
2021-07-01,MYT,0,0,0
2021-08-01,MYT,0,0,0
2021-09-01,MYT,0,0,0
2021-10-01,MYT,0,0,0
2021-11-01,MYT,0,0,0
2021-12-01,MYT,0,0,0
2022-01-01,MYT,0,0,0
2022-02-01,MYT,0,0,0
2022-03-01,MYT,0,0,0
2022-04-01,MYT,0,0,0
2022-05-01,MYT,0,0,0
2022-06-01,MYT,0,0,0
2022-07-01,MYT,0,0,0
2022-08-01,MYT,0,0,0
2022-09-01,MYT,0,0,0
2022-10-01,MYT,0,0,0
2022-11-01,MYT,0,0,0
2022-12-01,MYT,0,0,0
2023-01-01,MYT,0,0,0
2023-02-01,MYT,0,0,0
2023-03-01,MYT,0,0,0
2023-04-01,MYT,0,0,0
2023-05-01,MYT,0,0,0
2023-06-01,MYT,0,0,0
2023-07-01,MYT,0,0,0
2023-08-01,MYT,0,0,0
2023-09-01,MYT,0,0,0
2023-10-01,MYT,0,0,0
2023-11-01,MYT,1,0,1
2023-12-01,MYT,0,0,0
2024-01-01,MYT,0,0,0
2024-02-01,MYT,0,0,0
2024-03-01,MYT,0,0,0
2024-04-01,MYT,0,0,0
2024-05-01,MYT,0,0,0
2024-06-01,MYT,0,0,0
2020-01-01,NAM,28,8,20
2020-02-01,NAM,21,10,11
2020-03-01,NAM,10,4,6
2020-04-01,NAM,0,0,0
2020-05-01,NAM,0,0,0
2020-06-01,NAM,0,0,0
2020-07-01,NAM,0,0,0
2020-08-01,NAM,0,0,0
2020-09-01,NAM,0,0,0
2020-10-01,NAM,1,1,0
2020-11-01,NAM,0,0,0
2020-12-01,NAM,2,2,0
2021-01-01,NAM,0,0,0
2021-02-01,NAM,5,3,2
2021-03-01,NAM,2,0,2
2021-04-01,NAM,4,3,1
2021-05-01,NAM,2,2,0
2021-06-01,NAM,2,1,1
2021-07-01,NAM,0,0,0
2021-08-01,NAM,0,0,0
2021-09-01,NAM,3,1,2
2021-10-01,NAM,0,0,0
2021-11-01,NAM,0,0,0
2021-12-01,NAM,1,1,0
2022-01-01,NAM,1,1,0
2022-02-01,NAM,2,1,1
2022-03-01,NAM,1,1,0
2022-04-01,NAM,8,4,4
2022-05-01,NAM,8,3,5
2022-06-01,NAM,6,2,4
2022-07-01,NAM,6,1,5
2022-08-01,NAM,20,11,9
2022-09-01,NAM,13,5,8
2022-10-01,NAM,20,6,14
2022-11-01,NAM,14,5,9
2022-12-01,NAM,17,6,11
2023-01-01,NAM,12,4,8
2023-02-01,NAM,19,10,9
2023-03-01,NAM,15,7,8
2023-04-01,NAM,21,7,14
2023-05-01,NAM,24,6,18
2023-06-01,NAM,38,22,16
2023-07-01,NAM,40,24,16
2023-08-01,NAM,23,16,7
2023-09-01,NAM,28,11,17
2023-10-01,NAM,35,23,12
2023-11-01,NAM,41,16,25
2023-12-01,NAM,31,16,15
2024-01-01,NAM,14,7,7
2024-02-01,NAM,12,7,5
2024-03-01,NAM,15,10,5
2024-04-01,NAM,9,4,5
2024-05-01,NAM,18,10,8
2024-06-01,NAM,24,14,10
2020-01-01,NCL,0,0,0
2020-02-01,NCL,0,0,0
2020-03-01,NCL,0,0,0
2020-04-01,NCL,0,0,0
2020-05-01,NCL,0,0,0
2020-06-01,NCL,0,0,0
2020-07-01,NCL,0,0,0
2020-08-01,NCL,0,0,0
2020-09-01,NCL,0,0,0
2020-10-01,NCL,0,0,0
2020-11-01,NCL,0,0,0
2020-12-01,NCL,0,0,0
2021-01-01,NCL,0,0,0
2021-02-01,NCL,0,0,0
2021-03-01,NCL,0,0,0
2021-04-01,NCL,0,0,0
2021-05-01,NCL,0,0,0
2021-06-01,NCL,0,0,0
2021-07-01,NCL,0,0,0
2021-08-01,NCL,0,0,0
2021-09-01,NCL,0,0,0
2021-10-01,NCL,0,0,0
2021-11-01,NCL,0,0,0
2021-12-01,NCL,0,0,0
2022-01-01,NCL,0,0,0
2022-02-01,NCL,0,0,0
2022-03-01,NCL,0,0,0
2022-04-01,NCL,0,0,0
2022-05-01,NCL,0,0,0
2022-06-01,NCL,0,0,0
2022-07-01,NCL,0,0,0
2022-08-01,NCL,1,1,0
2022-09-01,NCL,0,0,0
2022-10-01,NCL,0,0,0
2022-11-01,NCL,0,0,0
2022-12-01,NCL,0,0,0
2023-01-01,NCL,0,0,0
2023-02-01,NCL,0,0,0
2023-03-01,NCL,0,0,0
2023-04-01,NCL,0,0,0
2023-05-01,NCL,0,0,0
2023-06-01,NCL,0,0,0
2023-07-01,NCL,0,0,0
2023-08-01,NCL,0,0,0
2023-09-01,NCL,0,0,0
2023-10-01,NCL,0,0,0
2023-11-01,NCL,0,0,0
2023-12-01,NCL,0,0,0
2024-01-01,NCL,0,0,0
2024-02-01,NCL,1,1,0
2024-03-01,NCL,0,0,0
2024-04-01,NCL,0,0,0
2024-05-01,NCL,0,0,0
2024-06-01,NCL,0,0,0
2020-01-01,NER,7,6,1
2020-02-01,NER,5,3,2
2020-03-01,NER,0,0,0
2020-04-01,NER,0,0,0
2020-05-01,NER,0,0,0
2020-06-01,NER,0,0,0
2020-07-01,NER,0,0,0
2020-08-01,NER,0,0,0
2020-09-01,NER,0,0,0
2020-10-01,NER,0,0,0
2020-11-01,NER,0,0,0
2020-12-01,NER,0,0,0
2021-01-01,NER,0,0,0
2021-02-01,NER,0,0,0
2021-03-01,NER,0,0,0
2021-04-01,NER,0,0,0
2021-05-01,NER,0,0,0
2021-06-01,NER,0,0,0
2021-07-01,NER,0,0,0
2021-08-01,NER,0,0,0
2021-09-01,NER,1,1,0
2021-10-01,NER,0,0,0
2021-11-01,NER,1,1,0
2021-12-01,NER,0,0,0
2022-01-01,NER,0,0,0
2022-02-01,NER,1,0,1
2022-03-01,NER,0,0,0
2022-04-01,NER,3,3,0
2022-05-01,NER,2,2,0
2022-06-01,NER,6,2,4
2022-07-01,NER,2,0,2
2022-08-01,NER,1,1,0
2022-09-01,NER,4,3,1
2022-10-01,NER,1,1,0
2022-11-01,NER,0,0,0
2022-12-01,NER,3,1,2
2023-01-01,NER,0,0,0
2023-02-01,NER,1,0,1
2023-03-01,NER,1,1,0
2023-04-01,NER,6,4,2
2023-05-01,NER,6,5,1
2023-06-01,NER,3,2,1
2023-07-01,NER,4,2,2
2023-08-01,NER,5,2,3
2023-09-01,NER,5,5,0
2023-10-01,NER,3,2,1
2023-11-01,NER,1,0,1
2023-12-01,NER,1,1,0
2024-01-01,NER,3,3,0
2024-02-01,NER,7,7,0
2024-03-01,NER,2,1,1
2024-04-01,NER,4,0,4
2024-05-01,NER,1,1,0
2024-06-01,NER,0,0,0
2020-01-01,NGA,838,661,177
2020-02-01,NGA,804,695,109
2020-03-01,NGA,294,247,47
2020-04-01,NGA,2,2,0
2020-05-01,NGA,1,1,0
2020-06-01,NGA,4,4,0
2020-07-01,NGA,19,15,4
2020-08-01,NGA,10,3,7
2020-09-01,NGA,36,33,3
2020-10-01,NGA,24,18,6
2020-11-01,NGA,64,55,9
2020-12-01,NGA,36,30,6
2021-01-01,NGA,39,36,3
2021-02-01,NGA,62,52,10
2021-03-01,NGA,139,129,10
2021-04-01,NGA,164,155,9
2021-05-01,NGA,132,111,21
2021-06-01,NGA,93,81,12
2021-07-01,NGA,65,58,7
2021-08-01,NGA,89,81,8
2021-09-01,NGA,94,86,8
2021-10-01,NGA,120,96,24
2021-11-01,NGA,97,90,7
2021-12-01,NGA,173,147,26
2022-01-01,NGA,202,157,45
2022-02-01,NGA,244,209,35
2022-03-01,NGA,291,235,56
2022-04-01,NGA,263,202,61
2022-05-01,NGA,302,265,37
2022-06-01,NGA,337,269,68
2022-07-01,NGA,288,209,79
2022-08-01,NGA,348,277,71
2022-09-01,NGA,352,282,70
2022-10-01,NGA,389,309,80
2022-11-01,NGA,513,419,94
2022-12-01,NGA,291,217,74
2023-01-01,NGA,364,293,71
2023-02-01,NGA,406,320,86
2023-03-01,NGA,497,395,102
2023-04-01,NGA,377,295,82
2023-05-01,NGA,560,437,123
2023-06-01,NGA,384,303,81
2023-07-01,NGA,363,282,81
2023-08-01,NGA,543,407,136
2023-09-01,NGA,517,393,124
2023-10-01,NGA,500,370,130
2023-11-01,NGA,529,405,124
2023-12-01,NGA,402,307,95
2024-01-01,NGA,464,362,102
2024-02-01,NGA,414,335,79
2024-03-01,NGA,529,438,91
2024-04-01,NGA,463,364,99
2024-05-01,NGA,544,441,103
2024-06-01,NGA,477,367,110
2020-01-01,NIC,12,5,7
2020-02-01,NIC,10,7,3
2020-03-01,NIC,3,2,1
2020-04-01,NIC,0,0,0
2020-05-01,NIC,0,0,0
2020-06-01,NIC,0,0,0
2020-07-01,NIC,0,0,0
2020-08-01,NIC,0,0,0
2020-09-01,NIC,0,0,0
2020-10-01,NIC,2,1,1
2020-11-01,NIC,0,0,0
2020-12-01,NIC,0,0,0
2021-01-01,NIC,0,0,0
2021-02-01,NIC,0,0,0
2021-03-01,NIC,0,0,0
2021-04-01,NIC,5,5,0
2021-05-01,NIC,0,0,0
2021-06-01,NIC,0,0,0
2021-07-01,NIC,3,1,2
2021-08-01,NIC,0,0,0
2021-09-01,NIC,0,0,0
2021-10-01,NIC,0,0,0
2021-11-01,NIC,0,0,0
2021-12-01,NIC,0,0,0
2022-01-01,NIC,1,1,0
2022-02-01,NIC,0,0,0
2022-03-01,NIC,2,2,0
2022-04-01,NIC,5,1,4
2022-05-01,NIC,5,3,2
2022-06-01,NIC,2,2,0
2022-07-01,NIC,6,3,3
2022-08-01,NIC,7,4,3
2022-09-01,NIC,8,2,6
2022-10-01,NIC,9,4,5
2022-11-01,NIC,11,4,7
2022-12-01,NIC,6,3,3
2023-01-01,NIC,10,1,9
2023-02-01,NIC,9,7,2
2023-03-01,NIC,2,1,1
2023-04-01,NIC,3,2,1
2023-05-01,NIC,3,1,2
2023-06-01,NIC,7,5,2
2023-07-01,NIC,10,4,6
2023-08-01,NIC,10,2,8
2023-09-01,NIC,10,8,2
2023-10-01,NIC,2,2,0
2023-11-01,NIC,7,4,3
2023-12-01,NIC,9,5,4
2024-01-01,NIC,5,3,2
2024-02-01,NIC,13,5,8
2024-03-01,NIC,16,9,7
2024-04-01,NIC,9,5,4
2024-05-01,NIC,6,3,3
2024-06-01,NIC,15,6,9
2020-01-01,NLD,7151,4417,2734
2020-02-01,NLD,6343,3823,2520
2020-03-01,NLD,3195,1958,1237
2020-04-01,NLD,32,15,17
2020-05-01,NLD,16,12,4
2020-06-01,NLD,15,12,3
2020-07-01,NLD,63,49,14
2020-08-01,NLD,47,38,9
2020-09-01,NLD,49,41,8
2020-10-01,NLD,56,45,11
2020-11-01,NLD,53,46,7
2020-12-01,NLD,25,22,3
2021-01-01,NLD,58,46,12
2021-02-01,NLD,30,22,8
2021-03-01,NLD,46,35,11
2021-04-01,NLD,65,54,11
2021-05-01,NLD,40,33,7
2021-06-01,NLD,26,22,4
2021-07-01,NLD,57,38,19
2021-08-01,NLD,91,61,30
2021-09-01,NLD,93,59,34
2021-10-01,NLD,94,73,21
2021-11-01,NLD,95,70,25
2021-12-01,NLD,170,132,38
2022-01-01,NLD,276,194,82
2022-02-01,NLD,209,162,47
2022-03-01,NLD,264,205,59
2022-04-01,NLD,1595,1082,513
2022-05-01,NLD,2273,1540,733
2022-06-01,NLD,2612,1761,851
2022-07-01,NLD,6198,3463,2735
2022-08-01,NLD,5950,3492,2458
2022-09-01,NLD,4447,2714,1733
2022-10-01,NLD,4656,2894,1762
2022-11-01,NLD,4451,2774,1677
2022-12-01,NLD,4063,2517,1546
2023-01-01,NLD,5451,3229,2222
2023-02-01,NLD,5180,3145,2035
2023-03-01,NLD,5826,3505,2321
2023-04-01,NLD,6074,3497,2577
2023-05-01,NLD,5844,3463,2381
2023-06-01,NLD,4182,2589,1593
2023-07-01,NLD,12619,6771,5848
2023-08-01,NLD,9949,5602,4347
2023-09-01,NLD,6556,3842,2714
2023-10-01,NLD,5997,3583,2414
2023-11-01,NLD,5982,3687,2295
2023-12-01,NLD,6328,3708,2620
2024-01-01,NLD,7120,4156,2964
2024-02-01,NLD,7170,4224,2946
2024-03-01,NLD,6590,3905,2685
2024-04-01,NLD,6697,3825,2872
2024-05-01,NLD,6455,3778,2677
2024-06-01,NLD,5686,3399,2287
2020-01-01,NOR,1753,1038,715
2020-02-01,NOR,1748,1000,748
2020-03-01,NOR,591,326,265
2020-04-01,NOR,0,0,0
2020-05-01,NOR,2,2,0
2020-06-01,NOR,5,5,0
2020-07-01,NOR,15,12,3
2020-08-01,NOR,23,20,3
2020-09-01,NOR,8,6,2
2020-10-01,NOR,8,7,1
2020-11-01,NOR,13,12,1
2020-12-01,NOR,6,5,1
2021-01-01,NOR,24,21,3
2021-02-01,NOR,10,10,0
2021-03-01,NOR,14,13,1
2021-04-01,NOR,13,11,2
2021-05-01,NOR,15,14,1
2021-06-01,NOR,8,8,0
2021-07-01,NOR,13,9,4
2021-08-01,NOR,24,20,4
2021-09-01,NOR,21,17,4
2021-10-01,NOR,14,10,4
2021-11-01,NOR,28,24,4
2021-12-01,NOR,56,41,15
2022-01-01,NOR,67,46,21
2022-02-01,NOR,28,23,5
2022-03-01,NOR,55,46,9
2022-04-01,NOR,384,228,156
2022-05-01,NOR,379,260,119
2022-06-01,NOR,557,338,219
2022-07-01,NOR,964,566,398
2022-08-01,NOR,595,404,191
2022-09-01,NOR,541,358,183
2022-10-01,NOR,795,521,274
2022-11-01,NOR,728,488,240
2022-12-01,NOR,800,502,298
2023-01-01,NOR,1053,642,411
2023-02-01,NOR,1041,605,436
2023-03-01,NOR,1141,677,464
2023-04-01,NOR,905,545,360
2023-05-01,NOR,646,426,220
2023-06-01,NOR,778,473,305
2023-07-01,NOR,1656,884,772
2023-08-01,NOR,691,418,273
2023-09-01,NOR,793,513,280
2023-10-01,NOR,946,606,340
2023-11-01,NOR,1078,674,404
2023-12-01,NOR,1276,690,586
2024-01-01,NOR,1505,861,644
2024-02-01,NOR,1617,867,750
2024-03-01,NOR,1563,814,749
2024-04-01,NOR,949,556,393
2024-05-01,NOR,769,471,298
2024-06-01,NOR,1295,776,519
2020-01-01,NPL,14217,13116,1101
2020-02-01,NPL,12625,12026,599
2020-03-01,NPL,6274,5929,345
2020-04-01,NPL,0,0,0
2020-05-01,NPL,0,0,0
2020-06-01,NPL,4,4,0
2020-07-01,NPL,8,8,0
2020-08-01,NPL,7,5,2
2020-09-01,NPL,22,20,2
2020-10-01,NPL,49,43,6
2020-11-01,NPL,163,159,4
2020-12-01,NPL,189,185,4
2021-01-01,NPL,75,73,2
2021-02-01,NPL,34,30,4
2021-03-01,NPL,49,46,3
2021-04-01,NPL,182,178,4
2021-05-01,NPL,74,73,1
2021-06-01,NPL,1,1,0
2021-07-01,NPL,1,1,0
2021-08-01,NPL,0,0,0
2021-09-01,NPL,2,1,1
2021-10-01,NPL,16,12,4
2021-11-01,NPL,98,87,11
2021-12-01,NPL,600,571,29
2022-01-01,NPL,654,622,32
2022-02-01,NPL,598,573,25
2022-03-01,NPL,833,812,21
2022-04-01,NPL,2656,2482,174
2022-05-01,NPL,5890,5439,451
2022-06-01,NPL,12321,11595,726
2022-07-01,NPL,19220,18398,822
2022-08-01,NPL,28572,27686,886
2022-09-01,NPL,34027,32534,1493
2022-10-01,NPL,18490,17460,1030
2022-11-01,NPL,29944,28552,1392
2022-12-01,NPL,26692,25767,925
2023-01-01,NPL,18412,17376,1036
2023-02-01,NPL,18148,17323,825
2023-03-01,NPL,19198,18451,747
2023-04-01,NPL,14818,14005,813
2023-05-01,NPL,16263,15391,872
2023-06-01,NPL,13359,12485,874
2023-07-01,NPL,13025,12218,807
2023-08-01,NPL,11605,10788,817
2023-09-01,NPL,10622,9771,851
2023-10-01,NPL,8307,7304,1003
2023-11-01,NPL,9548,8582,966
2023-12-01,NPL,12342,11487,855
2024-01-01,NPL,10908,9976,932
2024-02-01,NPL,9229,8296,933
2024-03-01,NPL,11654,10584,1070
2024-04-01,NPL,11550,10683,867
2024-05-01,NPL,21751,20663,1088
2024-06-01,NPL,4365,3585,780
2020-01-01,NRU,1,1,0
2020-02-01,NRU,2,2,0
2020-03-01,NRU,0,0,0
2020-04-01,NRU,0,0,0
2020-05-01,NRU,0,0,0
2020-06-01,NRU,0,0,0
2020-07-01,NRU,0,0,0
2020-08-01,NRU,0,0,0
2020-09-01,NRU,0,0,0
2020-10-01,NRU,0,0,0
2020-11-01,NRU,0,0,0
2020-12-01,NRU,0,0,0
2021-01-01,NRU,0,0,0
2021-02-01,NRU,0,0,0
2021-03-01,NRU,0,0,0
2021-04-01,NRU,0,0,0
2021-05-01,NRU,0,0,0
2021-06-01,NRU,0,0,0
2021-07-01,NRU,0,0,0
2021-08-01,NRU,0,0,0
2021-09-01,NRU,0,0,0
2021-10-01,NRU,0,0,0
2021-11-01,NRU,0,0,0
2021-12-01,NRU,0,0,0
2022-01-01,NRU,0,0,0
2022-02-01,NRU,0,0,0
2022-03-01,NRU,0,0,0
2022-04-01,NRU,0,0,0
2022-05-01,NRU,0,0,0
2022-06-01,NRU,0,0,0
2022-07-01,NRU,1,0,1
2022-08-01,NRU,0,0,0
2022-09-01,NRU,0,0,0
2022-10-01,NRU,2,2,0
2022-11-01,NRU,5,4,1
2022-12-01,NRU,1,1,0
2023-01-01,NRU,1,1,0
2023-02-01,NRU,0,0,0
2023-03-01,NRU,0,0,0
2023-04-01,NRU,3,3,0
2023-05-01,NRU,3,2,1
2023-06-01,NRU,0,0,0
2023-07-01,NRU,2,0,2
2023-08-01,NRU,49,31,18
2023-09-01,NRU,10,4,6
2023-10-01,NRU,0,0,0
2023-11-01,NRU,8,6,2
2023-12-01,NRU,2,2,0
2024-01-01,NRU,1,1,0
2024-02-01,NRU,1,1,0
2024-03-01,NRU,0,0,0
2024-04-01,NRU,4,3,1
2024-05-01,NRU,2,2,0
2024-06-01,NRU,4,3,1
2020-01-01,NZL,6194,3526,2668
2020-02-01,NZL,3043,1918,1125
2020-03-01,NZL,1311,819,492
2020-04-01,NZL,2,1,1
2020-05-01,NZL,7,6,1
2020-06-01,NZL,12,8,4
2020-07-01,NZL,33,20,13
2020-08-01,NZL,117,107,10
2020-09-01,NZL,23,19,4
2020-10-01,NZL,29,22,7
2020-11-01,NZL,23,20,3
2020-12-01,NZL,22,17,5
2021-01-01,NZL,28,17,11
2021-02-01,NZL,15,13,2
2021-03-01,NZL,11,11,0
2021-04-01,NZL,26,17,9
2021-05-01,NZL,8,7,1
2021-06-01,NZL,20,11,9
2021-07-01,NZL,25,19,6
2021-08-01,NZL,21,10,11
2021-09-01,NZL,13,10,3
2021-10-01,NZL,19,15,4
2021-11-01,NZL,22,15,7
2021-12-01,NZL,97,67,30
2022-01-01,NZL,156,97,59
2022-02-01,NZL,79,52,27
2022-03-01,NZL,112,76,36
2022-04-01,NZL,769,490,279
2022-05-01,NZL,1129,728,401
2022-06-01,NZL,1565,1022,543
2022-07-01,NZL,2347,1411,936
2022-08-01,NZL,2229,1413,816
2022-09-01,NZL,2610,1650,960
2022-10-01,NZL,3087,1879,1208
2022-11-01,NZL,3188,1882,1306
2022-12-01,NZL,4647,2588,2059
2023-01-01,NZL,4555,2641,1914
2023-02-01,NZL,2938,1759,1179
2023-03-01,NZL,3205,1929,1276
2023-04-01,NZL,4334,2488,1846
2023-05-01,NZL,3572,2148,1424
2023-06-01,NZL,3541,2075,1466
2023-07-01,NZL,5621,3173,2448
2023-08-01,NZL,3965,2398,1567
2023-09-01,NZL,5167,3016,2151
2023-10-01,NZL,4867,2865,2002
2023-11-01,NZL,4735,2812,1923
2023-12-01,NZL,6757,3769,2988
2024-01-01,NZL,6098,3426,2672
2024-02-01,NZL,3839,2284,1555
2024-03-01,NZL,4099,2464,1635
2024-04-01,NZL,4330,2528,1802
2024-05-01,NZL,3823,2286,1537
2024-06-01,NZL,4770,2759,2011
2020-01-01,OMN,2339,1322,1017
2020-02-01,OMN,790,511,279
2020-03-01,OMN,187,133,54
2020-04-01,OMN,0,0,0
2020-05-01,OMN,0,0,0
2020-06-01,OMN,0,0,0
2020-07-01,OMN,1,1,0
2020-08-01,OMN,9,5,4
2020-09-01,OMN,21,15,6
2020-10-01,OMN,9,7,2
2020-11-01,OMN,16,12,4
2020-12-01,OMN,5,0,5
2021-01-01,OMN,6,3,3
2021-02-01,OMN,3,3,0
2021-03-01,OMN,34,26,8
2021-04-01,OMN,10,6,4
2021-05-01,OMN,9,8,1
2021-06-01,OMN,0,0,0
2021-07-01,OMN,9,8,1
2021-08-01,OMN,18,15,3
2021-09-01,OMN,15,11,4
2021-10-01,OMN,29,14,15
2021-11-01,OMN,16,11,5
2021-12-01,OMN,38,28,10
2022-01-01,OMN,82,57,25
2022-02-01,OMN,62,45,17
2022-03-01,OMN,74,62,12
2022-04-01,OMN,149,88,61
2022-05-01,OMN,501,322,179
2022-06-01,OMN,926,533,393
2022-07-01,OMN,1429,736,693
2022-08-01,OMN,1265,695,570
2022-09-01,OMN,633,395,238
2022-10-01,OMN,925,706,219
2022-11-01,OMN,655,431,224
2022-12-01,OMN,581,358,223
2023-01-01,OMN,846,493,353
2023-02-01,OMN,770,456,314
2023-03-01,OMN,476,309,167
2023-04-01,OMN,323,209,114
2023-05-01,OMN,859,534,325
2023-06-01,OMN,1399,750,649
2023-07-01,OMN,5061,2617,2444
2023-08-01,OMN,3420,1712,1708
2023-09-01,OMN,1514,937,577
2023-10-01,OMN,1181,779,402
2023-11-01,OMN,1674,1083,591
2023-12-01,OMN,1916,1126,790
2024-01-01,OMN,3432,1806,1626
2024-02-01,OMN,1232,751,481
2024-03-01,OMN,245,171,74
2024-04-01,OMN,719,446,273
2024-05-01,OMN,1005,644,361
2024-06-01,OMN,2560,1440,1120
2020-01-01,PAK,14274,11587,2687
2020-02-01,PAK,14732,12758,1974
2020-03-01,PAK,6594,5868,726
2020-04-01,PAK,31,29,2
2020-05-01,PAK,35,31,4
2020-06-01,PAK,128,111,17
2020-07-01,PAK,288,234,54
2020-08-01,PAK,176,151,25
2020-09-01,PAK,81,64,17
2020-10-01,PAK,78,47,31
2020-11-01,PAK,74,70,4
2020-12-01,PAK,118,102,16
2021-01-01,PAK,189,164,25
2021-02-01,PAK,237,207,30
2021-03-01,PAK,347,285,62
2021-04-01,PAK,312,246,66
2021-05-01,PAK,59,42,17
2021-06-01,PAK,17,11,6
2021-07-01,PAK,6,5,1
2021-08-01,PAK,31,24,7
2021-09-01,PAK,23,14,9
2021-10-01,PAK,205,158,47
2021-11-01,PAK,943,873,70
2021-12-01,PAK,2814,2521,293
2022-01-01,PAK,3099,2675,424
2022-02-01,PAK,3098,2783,315
2022-03-01,PAK,3138,2816,322
2022-04-01,PAK,3803,3251,552
2022-05-01,PAK,5921,4836,1085
2022-06-01,PAK,7844,6346,1498
2022-07-01,PAK,9273,7306,1967
2022-08-01,PAK,9723,8050,1673
2022-09-01,PAK,10134,8807,1327
2022-10-01,PAK,10522,9285,1237
2022-11-01,PAK,10231,8847,1384
2022-12-01,PAK,11474,9735,1739
2023-01-01,PAK,12561,10907,1654
2023-02-01,PAK,13972,12611,1361
2023-03-01,PAK,15389,13938,1451
2023-04-01,PAK,14095,12952,1143
2023-05-01,PAK,14913,13529,1384
2023-06-01,PAK,12357,10340,2017
2023-07-01,PAK,12427,9630,2797
2023-08-01,PAK,14469,12054,2415
2023-09-01,PAK,13280,11418,1862
2023-10-01,PAK,12029,10154,1875
2023-11-01,PAK,10056,8278,1778
2023-12-01,PAK,12226,9589,2637
2024-01-01,PAK,11950,9645,2305
2024-02-01,PAK,11619,9675,1944
2024-03-01,PAK,8545,7361,1184
2024-04-01,PAK,7902,6424,1478
2024-05-01,PAK,14895,13034,1861
2024-06-01,PAK,12632,9623,3009
2020-01-01,PAN,72,38,34
2020-02-01,PAN,39,17,22
2020-03-01,PAN,9,4,5
2020-04-01,PAN,0,0,0
2020-05-01,PAN,0,0,0
2020-06-01,PAN,0,0,0
2020-07-01,PAN,1,1,0
2020-08-01,PAN,0,0,0
2020-09-01,PAN,0,0,0
2020-10-01,PAN,0,0,0
2020-11-01,PAN,0,0,0
2020-12-01,PAN,0,0,0
2021-01-01,PAN,3,1,2
2021-02-01,PAN,2,2,0
2021-03-01,PAN,0,0,0
2021-04-01,PAN,1,1,0
2021-05-01,PAN,1,1,0
2021-06-01,PAN,0,0,0
2021-07-01,PAN,5,4,1
2021-08-01,PAN,2,1,1
2021-09-01,PAN,4,4,0
2021-10-01,PAN,1,0,1
2021-11-01,PAN,1,1,0
2021-12-01,PAN,1,0,1
2022-01-01,PAN,1,1,0
2022-02-01,PAN,0,0,0
2022-03-01,PAN,1,1,0
2022-04-01,PAN,6,4,2
2022-05-01,PAN,8,6,2
2022-06-01,PAN,6,1,5
2022-07-01,PAN,8,3,5
2022-08-01,PAN,12,6,6
2022-09-01,PAN,22,9,13
2022-10-01,PAN,27,15,12
2022-11-01,PAN,25,10,15
2022-12-01,PAN,22,11,11
2023-01-01,PAN,40,13,27
2023-02-01,PAN,47,20,27
2023-03-01,PAN,28,14,14
2023-04-01,PAN,28,10,18
2023-05-01,PAN,18,11,7
2023-06-01,PAN,7,4,3
2023-07-01,PAN,55,27,28
2023-08-01,PAN,38,23,15
2023-09-01,PAN,39,18,21
2023-10-01,PAN,48,26,22
2023-11-01,PAN,49,23,26
2023-12-01,PAN,23,11,12
2024-01-01,PAN,50,30,20
2024-02-01,PAN,58,23,35
2024-03-01,PAN,41,19,22
2024-04-01,PAN,41,19,22
2024-05-01,PAN,20,11,9
2024-06-01,PAN,37,16,21
2020-01-01,PER,222,113,109
2020-02-01,PER,196,99,97
2020-03-01,PER,64,34,30
2020-04-01,PER,0,0,0
2020-05-01,PER,0,0,0
2020-06-01,PER,0,0,0
2020-07-01,PER,3,3,0
2020-08-01,PER,5,2,3
2020-09-01,PER,2,2,0
2020-10-01,PER,2,2,0
2020-11-01,PER,1,1,0
2020-12-01,PER,13,8,5
2021-01-01,PER,1,1,0
2021-02-01,PER,0,0,0
2021-03-01,PER,0,0,0
2021-04-01,PER,2,1,1
2021-05-01,PER,1,1,0
2021-06-01,PER,0,0,0
2021-07-01,PER,1,1,0
2021-08-01,PER,4,2,2
2021-09-01,PER,0,0,0
2021-10-01,PER,3,3,0
2021-11-01,PER,3,3,0
2021-12-01,PER,7,2,5
2022-01-01,PER,8,5,3
2022-02-01,PER,3,1,2
2022-03-01,PER,5,4,1
2022-04-01,PER,47,29,18
2022-05-01,PER,63,35,28
2022-06-01,PER,51,29,22
2022-07-01,PER,87,45,42
2022-08-01,PER,145,82,63
2022-09-01,PER,116,66,50
2022-10-01,PER,120,61,59
2022-11-01,PER,122,61,61
2022-12-01,PER,122,63,59
2023-01-01,PER,142,77,65
2023-02-01,PER,130,71,59
2023-03-01,PER,118,75,43
2023-04-01,PER,158,76,82
2023-05-01,PER,168,81,87
2023-06-01,PER,124,63,61
2023-07-01,PER,196,106,90
2023-08-01,PER,181,96,85
2023-09-01,PER,191,97,94
2023-10-01,PER,450,197,253
2023-11-01,PER,189,97,92
2023-12-01,PER,215,103,112
2024-01-01,PER,210,106,104
2024-02-01,PER,194,96,98
2024-03-01,PER,182,107,75
2024-04-01,PER,184,96,88
2024-05-01,PER,240,132,108
2024-06-01,PER,169,94,75
2020-01-01,PHL,46450,16646,29804
2020-02-01,PHL,32078,12783,19295
2020-03-01,PHL,15760,6339,9421
2020-04-01,PHL,16,12,4
2020-05-01,PHL,27,18,9
2020-06-01,PHL,82,56,26
2020-07-01,PHL,429,361,68
2020-08-01,PHL,428,381,47
2020-09-01,PHL,505,448,57
2020-10-01,PHL,455,420,35
2020-11-01,PHL,374,337,37
2020-12-01,PHL,407,352,55
2021-01-01,PHL,558,474,84
2021-02-01,PHL,546,465,81
2021-03-01,PHL,634,531,103
2021-04-01,PHL,855,743,112
2021-05-01,PHL,912,780,132
2021-06-01,PHL,401,333,68
2021-07-01,PHL,690,559,131
2021-08-01,PHL,417,338,79
2021-09-01,PHL,497,435,62
2021-10-01,PHL,453,340,113
2021-11-01,PHL,704,572,132
2021-12-01,PHL,1173,698,475
2022-01-01,PHL,1484,810,674
2022-02-01,PHL,1594,980,614
2022-03-01,PHL,1878,1175,703
2022-04-01,PHL,7218,2686,4532
2022-05-01,PHL,14072,5017,9055
2022-06-01,PHL,18461,6531,11930
2022-07-01,PHL,26108,9367,16741
2022-08-01,PHL,25917,9331,16586
2022-09-01,PHL,27263,9492,17771
2022-10-01,PHL,34846,12843,22003
2022-11-01,PHL,35766,12688,23078
2022-12-01,PHL,39756,13860,25896
2023-01-01,PHL,36488,12183,24305
2023-02-01,PHL,31449,11852,19597
2023-03-01,PHL,37428,13348,24080
2023-04-01,PHL,38235,14021,24214
2023-05-01,PHL,38745,14135,24610
2023-06-01,PHL,36813,12933,23880
2023-07-01,PHL,53172,19262,33910
2023-08-01,PHL,47966,17581,30385
2023-09-01,PHL,44893,15803,29090
2023-10-01,PHL,43907,15883,28024
2023-11-01,PHL,46338,16630,29708
2023-12-01,PHL,55146,19374,35772
2024-01-01,PHL,38469,14452,24017
2024-02-01,PHL,41087,14061,27026
2024-03-01,PHL,61671,20871,40800
2024-04-01,PHL,44757,15978,28779
2024-05-01,PHL,47424,16989,30435
2024-06-01,PHL,64467,22816,41651
2020-01-01,PLW,0,0,0
2020-02-01,PLW,0,0,0
2020-03-01,PLW,0,0,0
2020-04-01,PLW,0,0,0
2020-05-01,PLW,0,0,0
2020-06-01,PLW,0,0,0
2020-07-01,PLW,0,0,0
2020-08-01,PLW,0,0,0
2020-09-01,PLW,0,0,0
2020-10-01,PLW,0,0,0
2020-11-01,PLW,0,0,0
2020-12-01,PLW,0,0,0
2021-01-01,PLW,0,0,0
2021-02-01,PLW,0,0,0
2021-03-01,PLW,0,0,0
2021-04-01,PLW,0,0,0
2021-05-01,PLW,0,0,0
2021-06-01,PLW,0,0,0
2021-07-01,PLW,0,0,0
2021-08-01,PLW,0,0,0
2021-09-01,PLW,0,0,0
2021-10-01,PLW,0,0,0
2021-11-01,PLW,0,0,0
2021-12-01,PLW,0,0,0
2022-01-01,PLW,0,0,0
2022-02-01,PLW,0,0,0
2022-03-01,PLW,0,0,0
2022-04-01,PLW,0,0,0
2022-05-01,PLW,2,1,1
2022-06-01,PLW,0,0,0
2022-07-01,PLW,1,1,0
2022-08-01,PLW,1,1,0
2022-09-01,PLW,4,4,0
2022-10-01,PLW,3,2,1
2022-11-01,PLW,1,1,0
2022-12-01,PLW,3,3,0
2023-01-01,PLW,0,0,0
2023-02-01,PLW,4,1,3
2023-03-01,PLW,1,1,0
2023-04-01,PLW,0,0,0
2023-05-01,PLW,0,0,0
2023-06-01,PLW,6,5,1
2023-07-01,PLW,3,1,2
2023-08-01,PLW,1,1,0
2023-09-01,PLW,2,1,1
2023-10-01,PLW,1,1,0
2023-11-01,PLW,6,3,3
2023-12-01,PLW,0,0,0
2024-01-01,PLW,11,9,2
2024-02-01,PLW,0,0,0
2024-03-01,PLW,0,0,0
2024-04-01,PLW,0,0,0
2024-05-01,PLW,2,2,0
2024-06-01,PLW,5,4,1
2020-01-01,PNG,109,60,49
2020-02-01,PNG,67,39,28
2020-03-01,PNG,23,16,7
2020-04-01,PNG,0,0,0
2020-05-01,PNG,0,0,0
2020-06-01,PNG,0,0,0
2020-07-01,PNG,0,0,0
2020-08-01,PNG,0,0,0
2020-09-01,PNG,0,0,0
2020-10-01,PNG,0,0,0
2020-11-01,PNG,0,0,0
2020-12-01,PNG,1,1,0
2021-01-01,PNG,2,2,0
2021-02-01,PNG,0,0,0
2021-03-01,PNG,0,0,0
2021-04-01,PNG,1,0,1
2021-05-01,PNG,1,1,0
2021-06-01,PNG,3,2,1
2021-07-01,PNG,0,0,0
2021-08-01,PNG,0,0,0
2021-09-01,PNG,0,0,0
2021-10-01,PNG,0,0,0
2021-11-01,PNG,2,0,2
2021-12-01,PNG,3,1,2
2022-01-01,PNG,0,0,0
2022-02-01,PNG,2,1,1
2022-03-01,PNG,3,3,0
2022-04-01,PNG,12,9,3
2022-05-01,PNG,40,29,11
2022-06-01,PNG,60,31,29
2022-07-01,PNG,58,39,19
2022-08-01,PNG,52,28,24
2022-09-01,PNG,50,21,29
2022-10-01,PNG,61,38,23
2022-11-01,PNG,58,32,26
2022-12-01,PNG,54,27,27
2023-01-01,PNG,77,39,38
2023-02-01,PNG,67,42,25
2023-03-01,PNG,105,57,48
2023-04-01,PNG,45,28,17
2023-05-01,PNG,68,40,28
2023-06-01,PNG,135,94,41
2023-07-01,PNG,101,65,36
2023-08-01,PNG,44,21,23
2023-09-01,PNG,97,68,29
2023-10-01,PNG,122,78,44
2023-11-01,PNG,203,127,76
2023-12-01,PNG,76,40,36
2024-01-01,PNG,125,60,65
2024-02-01,PNG,117,63,54
2024-03-01,PNG,102,63,39
2024-04-01,PNG,101,58,43
2024-05-01,PNG,78,47,31
2024-06-01,PNG,194,76,118
2020-01-01,POL,3763,1889,1874
2020-02-01,POL,3334,1772,1562
2020-03-01,POL,1150,622,528
2020-04-01,POL,0,0,0
2020-05-01,POL,12,12,0
2020-06-01,POL,5,5,0
2020-07-01,POL,19,16,3
2020-08-01,POL,23,18,5
2020-09-01,POL,23,20,3
2020-10-01,POL,26,24,2
2020-11-01,POL,19,18,1
2020-12-01,POL,12,11,1
2021-01-01,POL,29,26,3
2021-02-01,POL,33,31,2
2021-03-01,POL,29,25,4
2021-04-01,POL,30,30,0
2021-05-01,POL,38,32,6
2021-06-01,POL,14,11,3
2021-07-01,POL,25,21,4
2021-08-01,POL,37,32,5
2021-09-01,POL,37,26,11
2021-10-01,POL,20,17,3
2021-11-01,POL,36,35,1
2021-12-01,POL,30,21,9
2022-01-01,POL,74,51,23
2022-02-01,POL,62,53,9
2022-03-01,POL,70,50,20
2022-04-01,POL,320,198,122
2022-05-01,POL,509,325,184
2022-06-01,POL,630,358,272
2022-07-01,POL,944,479,465
2022-08-01,POL,1311,668,643
2022-09-01,POL,1222,678,544
2022-10-01,POL,1425,812,613
2022-11-01,POL,1909,1024,885
2022-12-01,POL,1170,631,539
2023-01-01,POL,2195,1170,1025
2023-02-01,POL,2573,1329,1244
2023-03-01,POL,2369,1237,1132
2023-04-01,POL,1652,880,772
2023-05-01,POL,1417,797,620
2023-06-01,POL,1106,601,505
2023-07-01,POL,2062,1069,993
2023-08-01,POL,1894,932,962
2023-09-01,POL,1872,986,886
2023-10-01,POL,1905,981,924
2023-11-01,POL,2645,1411,1234
2023-12-01,POL,2424,1274,1150
2024-01-01,POL,4403,2303,2100
2024-02-01,POL,4856,2454,2402
2024-03-01,POL,3728,1983,1745
2024-04-01,POL,2379,1251,1128
2024-05-01,POL,1805,949,856
2024-06-01,POL,2062,1077,985
2020-01-01,PRI,0,0,0
2020-02-01,PRI,0,0,0
2020-03-01,PRI,0,0,0
2020-04-01,PRI,0,0,0
2020-05-01,PRI,0,0,0
2020-06-01,PRI,0,0,0
2020-07-01,PRI,0,0,0
2020-08-01,PRI,0,0,0
2020-09-01,PRI,0,0,0
2020-10-01,PRI,0,0,0
2020-11-01,PRI,0,0,0
2020-12-01,PRI,0,0,0
2021-01-01,PRI,0,0,0
2021-02-01,PRI,0,0,0
2021-03-01,PRI,0,0,0
2021-04-01,PRI,0,0,0
2021-05-01,PRI,0,0,0
2021-06-01,PRI,0,0,0
2021-07-01,PRI,0,0,0
2021-08-01,PRI,0,0,0
2021-09-01,PRI,0,0,0
2021-10-01,PRI,0,0,0
2021-11-01,PRI,0,0,0
2021-12-01,PRI,0,0,0
2022-01-01,PRI,0,0,0
2022-02-01,PRI,0,0,0
2022-03-01,PRI,0,0,0
2022-04-01,PRI,0,0,0
2022-05-01,PRI,0,0,0
2022-06-01,PRI,0,0,0
2022-07-01,PRI,0,0,0
2022-08-01,PRI,0,0,0
2022-09-01,PRI,0,0,0
2022-10-01,PRI,0,0,0
2022-11-01,PRI,0,0,0
2022-12-01,PRI,0,0,0
2023-01-01,PRI,0,0,0
2023-02-01,PRI,0,0,0
2023-03-01,PRI,0,0,0
2023-04-01,PRI,0,0,0
2023-05-01,PRI,0,0,0
2023-06-01,PRI,0,0,0
2023-07-01,PRI,0,0,0
2023-08-01,PRI,0,0,0
2023-09-01,PRI,0,0,0
2023-10-01,PRI,0,0,0
2023-11-01,PRI,0,0,0
2023-12-01,PRI,0,0,0
2024-01-01,PRI,0,0,0
2024-02-01,PRI,0,0,0
2024-03-01,PRI,0,0,0
2024-04-01,PRI,1,0,1
2024-05-01,PRI,0,0,0
2024-06-01,PRI,0,0,0
2020-01-01,PRK,3,3,0
2020-02-01,PRK,5,4,1
2020-03-01,PRK,0,0,0
2020-04-01,PRK,0,0,0
2020-05-01,PRK,0,0,0
2020-06-01,PRK,0,0,0
2020-07-01,PRK,0,0,0
2020-08-01,PRK,0,0,0
2020-09-01,PRK,0,0,0
2020-10-01,PRK,0,0,0
2020-11-01,PRK,0,0,0
2020-12-01,PRK,0,0,0
2021-01-01,PRK,0,0,0
2021-02-01,PRK,0,0,0
2021-03-01,PRK,1,1,0
2021-04-01,PRK,0,0,0
2021-05-01,PRK,0,0,0
2021-06-01,PRK,0,0,0
2021-07-01,PRK,0,0,0
2021-08-01,PRK,0,0,0
2021-09-01,PRK,0,0,0
2021-10-01,PRK,0,0,0
2021-11-01,PRK,0,0,0
2021-12-01,PRK,0,0,0
2022-01-01,PRK,0,0,0
2022-02-01,PRK,0,0,0
2022-03-01,PRK,0,0,0
2022-04-01,PRK,0,0,0
2022-05-01,PRK,0,0,0
2022-06-01,PRK,0,0,0
2022-07-01,PRK,0,0,0
2022-08-01,PRK,0,0,0
2022-09-01,PRK,0,0,0
2022-10-01,PRK,0,0,0
2022-11-01,PRK,0,0,0
2022-12-01,PRK,0,0,0
2023-01-01,PRK,0,0,0
2023-02-01,PRK,0,0,0
2023-03-01,PRK,0,0,0
2023-04-01,PRK,0,0,0
2023-05-01,PRK,0,0,0
2023-06-01,PRK,0,0,0
2023-07-01,PRK,0,0,0
2023-08-01,PRK,0,0,0
2023-09-01,PRK,0,0,0
2023-10-01,PRK,0,0,0
2023-11-01,PRK,0,0,0
2023-12-01,PRK,0,0,0
2024-01-01,PRK,0,0,0
2024-02-01,PRK,0,0,0
2024-03-01,PRK,0,0,0
2024-04-01,PRK,0,0,0
2024-05-01,PRK,0,0,0
2024-06-01,PRK,0,0,0
2020-01-01,PRT,1077,572,505
2020-02-01,PRT,758,428,330
2020-03-01,PRT,347,207,140
2020-04-01,PRT,0,0,0
2020-05-01,PRT,1,1,0
2020-06-01,PRT,1,1,0
2020-07-01,PRT,2,2,0
2020-08-01,PRT,6,4,2
2020-09-01,PRT,10,6,4
2020-10-01,PRT,16,10,6
2020-11-01,PRT,9,6,3
2020-12-01,PRT,1,0,1
2021-01-01,PRT,13,7,6
2021-02-01,PRT,11,5,6
2021-03-01,PRT,6,2,4
2021-04-01,PRT,7,4,3
2021-05-01,PRT,8,5,3
2021-06-01,PRT,7,4,3
2021-07-01,PRT,9,5,4
2021-08-01,PRT,18,5,13
2021-09-01,PRT,10,6,4
2021-10-01,PRT,14,8,6
2021-11-01,PRT,16,12,4
2021-12-01,PRT,32,21,11
2022-01-01,PRT,41,27,14
2022-02-01,PRT,35,25,10
2022-03-01,PRT,42,27,15
2022-04-01,PRT,291,183,108
2022-05-01,PRT,374,248,126
2022-06-01,PRT,560,350,210
2022-07-01,PRT,714,383,331
2022-08-01,PRT,974,548,426
2022-09-01,PRT,588,353,235
2022-10-01,PRT,782,471,311
2022-11-01,PRT,760,464,296
2022-12-01,PRT,651,365,286
2023-01-01,PRT,654,376,278
2023-02-01,PRT,803,458,345
2023-03-01,PRT,889,512,377
2023-04-01,PRT,1088,581,507
2023-05-01,PRT,914,539,375
2023-06-01,PRT,639,383,256
2023-07-01,PRT,1032,599,433
2023-08-01,PRT,1526,812,714
2023-09-01,PRT,1088,619,469
2023-10-01,PRT,1062,617,445
2023-11-01,PRT,1233,731,502
2023-12-01,PRT,1192,670,522
2024-01-01,PRT,1152,646,506
2024-02-01,PRT,1308,701,607
2024-03-01,PRT,1516,823,693
2024-04-01,PRT,1468,833,635
2024-05-01,PRT,1127,673,454
2024-06-01,PRT,1057,597,460
2020-01-01,PRY,10,3,7
2020-02-01,PRY,14,7,7
2020-03-01,PRY,11,3,8
2020-04-01,PRY,0,0,0
2020-05-01,PRY,0,0,0
2020-06-01,PRY,0,0,0
2020-07-01,PRY,0,0,0
2020-08-01,PRY,0,0,0
2020-09-01,PRY,0,0,0
2020-10-01,PRY,0,0,0
2020-11-01,PRY,0,0,0
2020-12-01,PRY,0,0,0
2021-01-01,PRY,0,0,0
2021-02-01,PRY,0,0,0
2021-03-01,PRY,0,0,0
2021-04-01,PRY,0,0,0
2021-05-01,PRY,0,0,0
2021-06-01,PRY,0,0,0
2021-07-01,PRY,0,0,0
2021-08-01,PRY,0,0,0
2021-09-01,PRY,0,0,0
2021-10-01,PRY,0,0,0
2021-11-01,PRY,0,0,0
2021-12-01,PRY,0,0,0
2022-01-01,PRY,0,0,0
2022-02-01,PRY,0,0,0
2022-03-01,PRY,1,0,1
2022-04-01,PRY,4,1,3
2022-05-01,PRY,5,2,3
2022-06-01,PRY,3,3,0
2022-07-01,PRY,9,6,3
2022-08-01,PRY,10,2,8
2022-09-01,PRY,11,7,4
2022-10-01,PRY,12,8,4
2022-11-01,PRY,6,4,2
2022-12-01,PRY,12,10,2
2023-01-01,PRY,28,18,10
2023-02-01,PRY,18,12,6
2023-03-01,PRY,14,5,9
2023-04-01,PRY,14,9,5
2023-05-01,PRY,16,7,9
2023-06-01,PRY,11,5,6
2023-07-01,PRY,17,8,9
2023-08-01,PRY,19,15,4
2023-09-01,PRY,32,17,15
2023-10-01,PRY,13,7,6
2023-11-01,PRY,15,9,6
2023-12-01,PRY,29,19,10
2024-01-01,PRY,34,17,17
2024-02-01,PRY,20,7,13
2024-03-01,PRY,19,10,9
2024-04-01,PRY,15,9,6
2024-05-01,PRY,19,4,15
2024-06-01,PRY,22,13,9
2020-01-01,PSE,547,394,153
2020-02-01,PSE,432,347,85
2020-03-01,PSE,201,168,33
2020-04-01,PSE,0,0,0
2020-05-01,PSE,2,1,1
2020-06-01,PSE,1,1,0
2020-07-01,PSE,0,0,0
2020-08-01,PSE,6,6,0
2020-09-01,PSE,9,8,1
2020-10-01,PSE,10,8,2
2020-11-01,PSE,3,1,2
2020-12-01,PSE,4,3,1
2021-01-01,PSE,9,8,1
2021-02-01,PSE,8,7,1
2021-03-01,PSE,20,17,3
2021-04-01,PSE,15,14,1
2021-05-01,PSE,18,15,3
2021-06-01,PSE,9,9,0
2021-07-01,PSE,2,2,0
2021-08-01,PSE,14,9,5
2021-09-01,PSE,24,19,5
2021-10-01,PSE,37,35,2
2021-11-01,PSE,34,24,10
2021-12-01,PSE,61,49,12
2022-01-01,PSE,56,40,16
2022-02-01,PSE,53,43,10
2022-03-01,PSE,76,55,21
2022-04-01,PSE,146,115,31
2022-05-01,PSE,270,183,87
2022-06-01,PSE,230,140,90
2022-07-01,PSE,233,148,85
2022-08-01,PSE,291,187,104
2022-09-01,PSE,309,216,93
2022-10-01,PSE,308,217,91
2022-11-01,PSE,268,184,84
2022-12-01,PSE,219,146,73
2023-01-01,PSE,274,189,85
2023-02-01,PSE,250,180,70
2023-03-01,PSE,276,230,46
2023-04-01,PSE,208,158,50
2023-05-01,PSE,296,235,61
2023-06-01,PSE,442,290,152
2023-07-01,PSE,508,317,191
2023-08-01,PSE,569,355,214
2023-09-01,PSE,528,370,158
2023-10-01,PSE,399,268,131
2023-11-01,PSE,286,210,76
2023-12-01,PSE,308,224,84
2024-01-01,PSE,262,197,65
2024-02-01,PSE,290,210,80
2024-03-01,PSE,214,158,56
2024-04-01,PSE,305,238,67
2024-05-01,PSE,390,256,134
2024-06-01,PSE,519,315,204
2020-01-01,QAT,139,97,42
2020-02-01,QAT,79,57,22
2020-03-01,QAT,7,7,0
2020-04-01,QAT,0,0,0
2020-05-01,QAT,0,0,0
2020-06-01,QAT,0,0,0
2020-07-01,QAT,0,0,0
2020-08-01,QAT,1,1,0
2020-09-01,QAT,0,0,0
2020-10-01,QAT,0,0,0
2020-11-01,QAT,2,2,0
2020-12-01,QAT,2,2,0
2021-01-01,QAT,5,2,3
2021-02-01,QAT,1,0,1
2021-03-01,QAT,8,6,2
2021-04-01,QAT,8,4,4
2021-05-01,QAT,3,3,0
2021-06-01,QAT,0,0,0
2021-07-01,QAT,0,0,0
2021-08-01,QAT,19,12,7
2021-09-01,QAT,2,1,1
2021-10-01,QAT,2,2,0
2021-11-01,QAT,1,1,0
2021-12-01,QAT,1,1,0
2022-01-01,QAT,6,5,1
2022-02-01,QAT,7,1,6
2022-03-01,QAT,14,14,0
2022-04-01,QAT,21,13,8
2022-05-01,QAT,96,57,39
2022-06-01,QAT,268,171,97
2022-07-01,QAT,516,245,271
2022-08-01,QAT,164,106,58
2022-09-01,QAT,41,29,12
2022-10-01,QAT,85,67,18
2022-11-01,QAT,92,54,38
2022-12-01,QAT,66,36,30
2023-01-01,QAT,72,47,25
2023-02-01,QAT,129,84,45
2023-03-01,QAT,95,55,40
2023-04-01,QAT,143,96,47
2023-05-01,QAT,123,83,40
2023-06-01,QAT,342,195,147
2023-07-01,QAT,842,435,407
2023-08-01,QAT,421,227,194
2023-09-01,QAT,124,94,30
2023-10-01,QAT,146,92,54
2023-11-01,QAT,102,70,32
2023-12-01,QAT,186,112,74
2024-01-01,QAT,134,84,50
2024-02-01,QAT,156,127,29
2024-03-01,QAT,29,26,3
2024-04-01,QAT,141,89,52
2024-05-01,QAT,118,89,29
2024-06-01,QAT,429,248,181
2020-01-01,REU,0,0,0
2020-02-01,REU,0,0,0
2020-03-01,REU,0,0,0
2020-04-01,REU,0,0,0
2020-05-01,REU,0,0,0
2020-06-01,REU,0,0,0
2020-07-01,REU,0,0,0
2020-08-01,REU,0,0,0
2020-09-01,REU,0,0,0
2020-10-01,REU,0,0,0
2020-11-01,REU,0,0,0
2020-12-01,REU,0,0,0
2021-01-01,REU,0,0,0
2021-02-01,REU,0,0,0
2021-03-01,REU,0,0,0
2021-04-01,REU,0,0,0
2021-05-01,REU,0,0,0
2021-06-01,REU,0,0,0
2021-07-01,REU,0,0,0
2021-08-01,REU,0,0,0
2021-09-01,REU,0,0,0
2021-10-01,REU,0,0,0
2021-11-01,REU,0,0,0
2021-12-01,REU,0,0,0
2022-01-01,REU,0,0,0
2022-02-01,REU,0,0,0
2022-03-01,REU,0,0,0
2022-04-01,REU,0,0,0
2022-05-01,REU,0,0,0
2022-06-01,REU,0,0,0
2022-07-01,REU,0,0,0
2022-08-01,REU,0,0,0
2022-09-01,REU,0,0,0
2022-10-01,REU,0,0,0
2022-11-01,REU,0,0,0
2022-12-01,REU,0,0,0
2023-01-01,REU,0,0,0
2023-02-01,REU,0,0,0
2023-03-01,REU,0,0,0
2023-04-01,REU,0,0,0
2023-05-01,REU,0,0,0
2023-06-01,REU,1,1,0
2023-07-01,REU,0,0,0
2023-08-01,REU,0,0,0
2023-09-01,REU,1,0,1
2023-10-01,REU,0,0,0
2023-11-01,REU,0,0,0
2023-12-01,REU,0,0,0
2024-01-01,REU,0,0,0
2024-02-01,REU,0,0,0
2024-03-01,REU,0,0,0
2024-04-01,REU,0,0,0
2024-05-01,REU,0,0,0
2024-06-01,REU,0,0,0
2020-01-01,ROU,1597,813,784
2020-02-01,ROU,903,496,407
2020-03-01,ROU,499,259,240
2020-04-01,ROU,3,1,2
2020-05-01,ROU,2,2,0
2020-06-01,ROU,11,10,1
2020-07-01,ROU,30,26,4
2020-08-01,ROU,17,15,2
2020-09-01,ROU,15,14,1
2020-10-01,ROU,18,14,4
2020-11-01,ROU,15,15,0
2020-12-01,ROU,10,8,2
2021-01-01,ROU,23,21,2
2021-02-01,ROU,60,47,13
2021-03-01,ROU,28,24,4
2021-04-01,ROU,22,19,3
2021-05-01,ROU,36,30,6
2021-06-01,ROU,17,16,1
2021-07-01,ROU,13,9,4
2021-08-01,ROU,26,20,6
2021-09-01,ROU,33,27,6
2021-10-01,ROU,22,13,9
2021-11-01,ROU,23,20,3
2021-12-01,ROU,31,25,6
2022-01-01,ROU,54,36,18
2022-02-01,ROU,42,32,10
2022-03-01,ROU,36,29,7
2022-04-01,ROU,161,92,69
2022-05-01,ROU,257,150,107
2022-06-01,ROU,297,178,119
2022-07-01,ROU,427,245,182
2022-08-01,ROU,495,251,244
2022-09-01,ROU,491,286,205
2022-10-01,ROU,714,378,336
2022-11-01,ROU,678,364,314
2022-12-01,ROU,783,418,365
2023-01-01,ROU,1029,555,474
2023-02-01,ROU,841,450,391
2023-03-01,ROU,902,486,416
2023-04-01,ROU,881,465,416
2023-05-01,ROU,580,319,261
2023-06-01,ROU,467,261,206
2023-07-01,ROU,739,358,381
2023-08-01,ROU,843,420,423
2023-09-01,ROU,731,411,320
2023-10-01,ROU,842,447,395
2023-11-01,ROU,960,521,439
2023-12-01,ROU,1869,941,928
2024-01-01,ROU,2011,1054,957
2024-02-01,ROU,1530,782,748
2024-03-01,ROU,1344,692,652
2024-04-01,ROU,1045,514,531
2024-05-01,ROU,832,443,389
2024-06-01,ROU,645,362,283
2020-01-01,RUS,14201,6710,7491
2020-02-01,RUS,12780,5969,6811
2020-03-01,RUS,6192,2788,3404
2020-04-01,RUS,2,1,1
2020-05-01,RUS,6,4,2
2020-06-01,RUS,17,16,1
2020-07-01,RUS,187,179,8
2020-08-01,RUS,112,94,18
2020-09-01,RUS,54,44,10
2020-10-01,RUS,34,25,9
2020-11-01,RUS,54,48,6
2020-12-01,RUS,35,31,4
2021-01-01,RUS,51,44,7
2021-02-01,RUS,83,72,11
2021-03-01,RUS,58,45,13
2021-04-01,RUS,109,92,17
2021-05-01,RUS,67,58,9
2021-06-01,RUS,77,67,10
2021-07-01,RUS,69,52,17
2021-08-01,RUS,91,69,22
2021-09-01,RUS,100,63,37
2021-10-01,RUS,56,33,23
2021-11-01,RUS,73,48,25
2021-12-01,RUS,121,84,37
2022-01-01,RUS,127,64,63
2022-02-01,RUS,112,74,38
2022-03-01,RUS,227,144,83
2022-04-01,RUS,819,458,361
2022-05-01,RUS,1389,753,636
2022-06-01,RUS,1442,789,653
2022-07-01,RUS,2070,1061,1009
2022-08-01,RUS,2717,1362,1355
2022-09-01,RUS,3347,1724,1623
2022-10-01,RUS,6117,3422,2695
2022-11-01,RUS,9472,5426,4046
2022-12-01,RUS,12891,6955,5936
2023-01-01,RUS,16741,8650,8091
2023-02-01,RUS,15976,8305,7671
2023-03-01,RUS,16247,8297,7950
2023-04-01,RUS,13098,6689,6409
2023-05-01,RUS,10521,5575,4946
2023-06-01,RUS,5604,2941,2663
2023-07-01,RUS,9345,4753,4592
2023-08-01,RUS,8268,4218,4050
2023-09-01,RUS,7898,4061,3837
2023-10-01,RUS,8427,4298,4129
2023-11-01,RUS,10460,5217,5243
2023-12-01,RUS,10646,5164,5482
2024-01-01,RUS,15167,7333,7834
2024-02-01,RUS,13815,6587,7228
2024-03-01,RUS,14902,7057,7845
2024-04-01,RUS,11444,5581,5863
2024-05-01,RUS,8855,4438,4417
2024-06-01,RUS,8469,4147,4322
2020-01-01,RWA,13,5,8
2020-02-01,RWA,4,3,1
2020-03-01,RWA,2,1,1
2020-04-01,RWA,0,0,0
2020-05-01,RWA,0,0,0
2020-06-01,RWA,0,0,0
2020-07-01,RWA,0,0,0
2020-08-01,RWA,0,0,0
2020-09-01,RWA,0,0,0
2020-10-01,RWA,0,0,0
2020-11-01,RWA,0,0,0
2020-12-01,RWA,0,0,0
2021-01-01,RWA,0,0,0
2021-02-01,RWA,0,0,0
2021-03-01,RWA,0,0,0
2021-04-01,RWA,4,3,1
2021-05-01,RWA,2,1,1
2021-06-01,RWA,0,0,0
2021-07-01,RWA,1,0,1
2021-08-01,RWA,2,1,1
2021-09-01,RWA,1,0,1
2021-10-01,RWA,1,1,0
2021-11-01,RWA,2,0,2
2021-12-01,RWA,2,1,1
2022-01-01,RWA,4,1,3
2022-02-01,RWA,0,0,0
2022-03-01,RWA,4,3,1
2022-04-01,RWA,5,3,2
2022-05-01,RWA,7,1,6
2022-06-01,RWA,2,2,0
2022-07-01,RWA,2,2,0
2022-08-01,RWA,2,2,0
2022-09-01,RWA,3,1,2
2022-10-01,RWA,13,9,4
2022-11-01,RWA,11,5,6
2022-12-01,RWA,6,2,4
2023-01-01,RWA,10,4,6
2023-02-01,RWA,7,2,5
2023-03-01,RWA,9,7,2
2023-04-01,RWA,5,3,2
2023-05-01,RWA,10,6,4
2023-06-01,RWA,30,23,7
2023-07-01,RWA,16,9,7
2023-08-01,RWA,20,12,8
2023-09-01,RWA,11,7,4
2023-10-01,RWA,12,6,6
2023-11-01,RWA,10,6,4
2023-12-01,RWA,6,1,5
2024-01-01,RWA,11,4,7
2024-02-01,RWA,6,3,3
2024-03-01,RWA,13,9,4
2024-04-01,RWA,14,7,7
2024-05-01,RWA,7,7,0
2024-06-01,RWA,7,5,2
2020-01-01,SAU,19601,9957,9644
2020-02-01,SAU,3769,2291,1478
2020-03-01,SAU,1010,619,391
2020-04-01,SAU,0,0,0
2020-05-01,SAU,0,0,0
2020-06-01,SAU,6,3,3
2020-07-01,SAU,12,6,6
2020-08-01,SAU,9,5,4
2020-09-01,SAU,40,26,14
2020-10-01,SAU,105,63,42
2020-11-01,SAU,28,16,12
2020-12-01,SAU,14,6,8
2021-01-01,SAU,52,28,24
2021-02-01,SAU,39,23,16
2021-03-01,SAU,81,46,35
2021-04-01,SAU,64,36,28
2021-05-01,SAU,61,46,15
2021-06-01,SAU,47,33,14
2021-07-01,SAU,51,27,24
2021-08-01,SAU,123,75,48
2021-09-01,SAU,141,85,56
2021-10-01,SAU,139,91,48
2021-11-01,SAU,137,82,55
2021-12-01,SAU,212,133,79
2022-01-01,SAU,244,160,84
2022-02-01,SAU,142,89,53
2022-03-01,SAU,318,212,106
2022-04-01,SAU,848,477,371
2022-05-01,SAU,4123,2330,1793
2022-06-01,SAU,4372,2420,1952
2022-07-01,SAU,9578,4808,4770
2022-08-01,SAU,7221,3739,3482
2022-09-01,SAU,2625,1567,1058
2022-10-01,SAU,2872,1770,1102
2022-11-01,SAU,4024,2224,1800
2022-12-01,SAU,2429,1385,1044
2023-01-01,SAU,2475,1441,1034
2023-02-01,SAU,2319,1437,882
2023-03-01,SAU,2491,1390,1101
2023-04-01,SAU,2347,1331,1016
2023-05-01,SAU,3567,2146,1421
2023-06-01,SAU,5885,3204,2681
2023-07-01,SAU,11399,6043,5356
2023-08-01,SAU,8055,4231,3824
2023-09-01,SAU,3585,2234,1351
2023-10-01,SAU,3977,2404,1573
2023-11-01,SAU,7249,3960,3289
2023-12-01,SAU,3570,2093,1477
2024-01-01,SAU,6373,3544,2829
2024-02-01,SAU,4617,2627,1990
2024-03-01,SAU,1139,758,381
2024-04-01,SAU,2636,1560,1076
2024-05-01,SAU,4224,2618,1606
2024-06-01,SAU,11461,6171,5290
2020-01-01,SDN,1519,891,628
2020-02-01,SDN,1099,729,370
2020-03-01,SDN,375,235,140
2020-04-01,SDN,0,0,0
2020-05-01,SDN,0,0,0
2020-06-01,SDN,0,0,0
2020-07-01,SDN,2,2,0
2020-08-01,SDN,13,11,2
2020-09-01,SDN,26,20,6
2020-10-01,SDN,28,21,7
2020-11-01,SDN,5,4,1
2020-12-01,SDN,7,6,1
2021-01-01,SDN,23,21,2
2021-02-01,SDN,32,17,15
2021-03-01,SDN,59,40,19
2021-04-01,SDN,67,40,27
2021-05-01,SDN,47,36,11
2021-06-01,SDN,30,23,7
2021-07-01,SDN,23,17,6
2021-08-01,SDN,33,22,11
2021-09-01,SDN,36,28,8
2021-10-01,SDN,93,61,32
2021-11-01,SDN,103,77,26
2021-12-01,SDN,146,95,51
2022-01-01,SDN,143,104,39
2022-02-01,SDN,184,134,50
2022-03-01,SDN,219,133,86
2022-04-01,SDN,299,204,95
2022-05-01,SDN,668,408,260
2022-06-01,SDN,634,356,278
2022-07-01,SDN,914,464,450
2022-08-01,SDN,1014,556,458
2022-09-01,SDN,874,529,345
2022-10-01,SDN,815,490,325
2022-11-01,SDN,801,481,320
2022-12-01,SDN,850,475,375
2023-01-01,SDN,1111,629,482
2023-02-01,SDN,937,544,393
2023-03-01,SDN,948,582,366
2023-04-01,SDN,467,267,200
2023-05-01,SDN,445,281,164
2023-06-01,SDN,867,486,381
2023-07-01,SDN,1238,658,580
2023-08-01,SDN,1480,794,686
2023-09-01,SDN,1066,594,472
2023-10-01,SDN,1244,752,492
2023-11-01,SDN,1533,848,685
2023-12-01,SDN,1368,753,615
2024-01-01,SDN,1483,816,667
2024-02-01,SDN,1110,623,487
2024-03-01,SDN,888,573,315
2024-04-01,SDN,855,523,332
2024-05-01,SDN,835,495,340
2024-06-01,SDN,1533,858,675
2020-01-01,SEN,71,54,17
2020-02-01,SEN,64,48,16
2020-03-01,SEN,25,23,2
2020-04-01,SEN,0,0,0
2020-05-01,SEN,0,0,0
2020-06-01,SEN,0,0,0
2020-07-01,SEN,2,1,1
2020-08-01,SEN,5,3,2
2020-09-01,SEN,5,3,2
2020-10-01,SEN,1,0,1
2020-11-01,SEN,2,1,1
2020-12-01,SEN,1,0,1
2021-01-01,SEN,2,1,1
2021-02-01,SEN,4,4,0
2021-03-01,SEN,3,2,1
2021-04-01,SEN,2,2,0
2021-05-01,SEN,2,1,1
2021-06-01,SEN,3,1,2
2021-07-01,SEN,9,4,5
2021-08-01,SEN,15,11,4
2021-09-01,SEN,0,0,0
2021-10-01,SEN,3,1,2
2021-11-01,SEN,3,0,3
2021-12-01,SEN,4,2,2
2022-01-01,SEN,2,2,0
2022-02-01,SEN,3,3,0
2022-03-01,SEN,11,7,4
2022-04-01,SEN,6,2,4
2022-05-01,SEN,37,26,11
2022-06-01,SEN,18,14,4
2022-07-01,SEN,17,15,2
2022-08-01,SEN,28,18,10
2022-09-01,SEN,28,18,10
2022-10-01,SEN,44,32,12
2022-11-01,SEN,20,14,6
2022-12-01,SEN,15,10,5
2023-01-01,SEN,24,17,7
2023-02-01,SEN,30,15,15
2023-03-01,SEN,51,37,14
2023-04-01,SEN,80,65,15
2023-05-01,SEN,94,70,24
2023-06-01,SEN,47,38,9
2023-07-01,SEN,65,43,22
2023-08-01,SEN,145,80,65
2023-09-01,SEN,156,124,32
2023-10-01,SEN,55,42,13
2023-11-01,SEN,96,79,17
2023-12-01,SEN,51,34,17
2024-01-01,SEN,71,54,17
2024-02-01,SEN,80,57,23
2024-03-01,SEN,49,35,14
2024-04-01,SEN,84,52,32
2024-05-01,SEN,104,75,29
2024-06-01,SEN,62,45,17
2020-01-01,SGP,1265034,733237,531797
2020-02-01,SGP,920277,577036,343241
2020-03-01,SGP,588391,363236,225155
2020-04-01,SGP,97,75,22
2020-05-01,SGP,80,63,17
2020-06-01,SGP,150,119,31
2020-07-01,SGP,350,240,110
2020-08-01,SGP,514,417,97
2020-09-01,SGP,881,735,146
2020-10-01,SGP,861,721,140
2020-11-01,SGP,740,592,148
2020-12-01,SGP,446,335,111
2021-01-01,SGP,439,328,111
2021-02-01,SGP,391,303,88
2021-03-01,SGP,493,394,99
2021-04-01,SGP,442,343,99
2021-05-01,SGP,273,221,52
2021-06-01,SGP,167,123,44
2021-07-01,SGP,195,136,59
2021-08-01,SGP,208,151,57
2021-09-01,SGP,236,180,56
2021-10-01,SGP,388,283,105
2021-11-01,SGP,1036,640,396
2021-12-01,SGP,13424,7455,5969
2022-01-01,SGP,7584,4144,3440
2022-02-01,SGP,6892,4080,2812
2022-03-01,SGP,16345,9241,7104
2022-04-01,SGP,411851,259314,152537
2022-05-01,SGP,650065,403762,246303
2022-06-01,SGP,851285,500544,350741
2022-07-01,SGP,980310,581370,398940
2022-08-01,SGP,974331,577496,396835
2022-09-01,SGP,1067137,612032,455105
2022-10-01,SGP,1063726,608881,454845
2022-11-01,SGP,1092183,620862,471321
2022-12-01,SGP,1267322,688246,579076
2023-01-01,SGP,1060844,604926,455918
2023-02-01,SGP,939633,548480,391153
2023-03-01,SGP,1140473,646867,493606
2023-04-01,SGP,1041826,596528,445298
2023-05-01,SGP,1119412,649811,469601
2023-06-01,SGP,1318183,730304,587879
2023-07-01,SGP,1295067,733633,561434
2023-08-01,SGP,1276080,733526,542554
2023-09-01,SGP,1399698,788225,611473
2023-10-01,SGP,1355821,777933,577888
2023-11-01,SGP,1383199,777039,606160
2023-12-01,SGP,1555476,846167,709309
2024-01-01,SGP,941748,542321,399427
2024-02-01,SGP,1146125,654363,491762
2024-03-01,SGP,1626552,898209,728343
2024-04-01,SGP,1379469,793363,586106
2024-05-01,SGP,1527065,865048,662017
2024-06-01,SGP,1805492,991348,814144
2020-01-01,SGS,0,0,0
2020-02-01,SGS,0,0,0
2020-03-01,SGS,0,0,0
2020-04-01,SGS,0,0,0
2020-05-01,SGS,0,0,0
2020-06-01,SGS,0,0,0
2020-07-01,SGS,0,0,0
2020-08-01,SGS,0,0,0
2020-09-01,SGS,0,0,0
2020-10-01,SGS,0,0,0
2020-11-01,SGS,0,0,0
2020-12-01,SGS,0,0,0
2021-01-01,SGS,0,0,0
2021-02-01,SGS,1,1,0
2021-03-01,SGS,0,0,0
2021-04-01,SGS,0,0,0
2021-05-01,SGS,0,0,0
2021-06-01,SGS,0,0,0
2021-07-01,SGS,0,0,0
2021-08-01,SGS,0,0,0
2021-09-01,SGS,0,0,0
2021-10-01,SGS,0,0,0
2021-11-01,SGS,0,0,0
2021-12-01,SGS,0,0,0
2022-01-01,SGS,0,0,0
2022-02-01,SGS,0,0,0
2022-03-01,SGS,0,0,0
2022-04-01,SGS,0,0,0
2022-05-01,SGS,0,0,0
2022-06-01,SGS,2,2,0
2022-07-01,SGS,1,1,0
2022-08-01,SGS,1,1,0
2022-09-01,SGS,0,0,0
2022-10-01,SGS,0,0,0
2022-11-01,SGS,0,0,0
2022-12-01,SGS,0,0,0
2023-01-01,SGS,0,0,0
2023-02-01,SGS,0,0,0
2023-03-01,SGS,0,0,0
2023-04-01,SGS,1,0,1
2023-05-01,SGS,0,0,0
2023-06-01,SGS,0,0,0
2023-07-01,SGS,0,0,0
2023-08-01,SGS,0,0,0
2023-09-01,SGS,0,0,0
2023-10-01,SGS,0,0,0
2023-11-01,SGS,1,0,1
2023-12-01,SGS,0,0,0
2024-01-01,SGS,0,0,0
2024-02-01,SGS,0,0,0
2024-03-01,SGS,0,0,0
2024-04-01,SGS,0,0,0
2024-05-01,SGS,0,0,0
2024-06-01,SGS,0,0,0
2020-01-01,SHN,0,0,0
2020-02-01,SHN,0,0,0
2020-03-01,SHN,0,0,0
2020-04-01,SHN,0,0,0
2020-05-01,SHN,0,0,0
2020-06-01,SHN,0,0,0
2020-07-01,SHN,0,0,0
2020-08-01,SHN,0,0,0
2020-09-01,SHN,0,0,0
2020-10-01,SHN,0,0,0
2020-11-01,SHN,0,0,0
2020-12-01,SHN,0,0,0
2021-01-01,SHN,0,0,0
2021-02-01,SHN,0,0,0
2021-03-01,SHN,0,0,0
2021-04-01,SHN,0,0,0
2021-05-01,SHN,0,0,0
2021-06-01,SHN,0,0,0
2021-07-01,SHN,0,0,0
2021-08-01,SHN,0,0,0
2021-09-01,SHN,0,0,0
2021-10-01,SHN,0,0,0
2021-11-01,SHN,0,0,0
2021-12-01,SHN,0,0,0
2022-01-01,SHN,0,0,0
2022-02-01,SHN,0,0,0
2022-03-01,SHN,0,0,0
2022-04-01,SHN,0,0,0
2022-05-01,SHN,0,0,0
2022-06-01,SHN,0,0,0
2022-07-01,SHN,0,0,0
2022-08-01,SHN,0,0,0
2022-09-01,SHN,0,0,0
2022-10-01,SHN,0,0,0
2022-11-01,SHN,0,0,0
2022-12-01,SHN,0,0,0
2023-01-01,SHN,0,0,0
2023-02-01,SHN,0,0,0
2023-03-01,SHN,0,0,0
2023-04-01,SHN,1,1,0
2023-05-01,SHN,0,0,0
2023-06-01,SHN,0,0,0
2023-07-01,SHN,0,0,0
2023-08-01,SHN,0,0,0
2023-09-01,SHN,0,0,0
2023-10-01,SHN,0,0,0
2023-11-01,SHN,0,0,0
2023-12-01,SHN,0,0,0
2024-01-01,SHN,1,1,0
2024-02-01,SHN,0,0,0
2024-03-01,SHN,0,0,0
2024-04-01,SHN,0,0,0
2024-05-01,SHN,0,0,0
2024-06-01,SHN,0,0,0
2020-01-01,SLB,35,15,20
2020-02-01,SLB,8,4,4
2020-03-01,SLB,2,2,0
2020-04-01,SLB,0,0,0
2020-05-01,SLB,0,0,0
2020-06-01,SLB,0,0,0
2020-07-01,SLB,0,0,0
2020-08-01,SLB,0,0,0
2020-09-01,SLB,0,0,0
2020-10-01,SLB,0,0,0
2020-11-01,SLB,0,0,0
2020-12-01,SLB,0,0,0
2021-01-01,SLB,0,0,0
2021-02-01,SLB,0,0,0
2021-03-01,SLB,0,0,0
2021-04-01,SLB,0,0,0
2021-05-01,SLB,0,0,0
2021-06-01,SLB,0,0,0
2021-07-01,SLB,0,0,0
2021-08-01,SLB,0,0,0
2021-09-01,SLB,0,0,0
2021-10-01,SLB,0,0,0
2021-11-01,SLB,0,0,0
2021-12-01,SLB,2,2,0
2022-01-01,SLB,0,0,0
2022-02-01,SLB,0,0,0
2022-03-01,SLB,2,0,2
2022-04-01,SLB,1,0,1
2022-05-01,SLB,0,0,0
2022-06-01,SLB,6,5,1
2022-07-01,SLB,7,4,3
2022-08-01,SLB,14,7,7
2022-09-01,SLB,4,4,0
2022-10-01,SLB,10,8,2
2022-11-01,SLB,20,10,10
2022-12-01,SLB,9,7,2
2023-01-01,SLB,19,2,17
2023-02-01,SLB,2,1,1
2023-03-01,SLB,9,3,6
2023-04-01,SLB,14,4,10
2023-05-01,SLB,19,4,15
2023-06-01,SLB,32,31,1
2023-07-01,SLB,7,3,4
2023-08-01,SLB,7,6,1
2023-09-01,SLB,7,6,1
2023-10-01,SLB,8,4,4
2023-11-01,SLB,72,40,32
2023-12-01,SLB,11,6,5
2024-01-01,SLB,11,5,6
2024-02-01,SLB,20,9,11
2024-03-01,SLB,32,11,21
2024-04-01,SLB,19,9,10
2024-05-01,SLB,24,14,10
2024-06-01,SLB,26,9,17
2020-01-01,SLE,54,34,20
2020-02-01,SLE,43,30,13
2020-03-01,SLE,25,15,10
2020-04-01,SLE,0,0,0
2020-05-01,SLE,0,0,0
2020-06-01,SLE,0,0,0
2020-07-01,SLE,0,0,0
2020-08-01,SLE,0,0,0
2020-09-01,SLE,0,0,0
2020-10-01,SLE,0,0,0
2020-11-01,SLE,0,0,0
2020-12-01,SLE,0,0,0
2021-01-01,SLE,1,1,0
2021-02-01,SLE,0,0,0
2021-03-01,SLE,5,0,5
2021-04-01,SLE,2,2,0
2021-05-01,SLE,3,3,0
2021-06-01,SLE,0,0,0
2021-07-01,SLE,3,3,0
2021-08-01,SLE,0,0,0
2021-09-01,SLE,1,1,0
2021-10-01,SLE,3,1,2
2021-11-01,SLE,3,2,1
2021-12-01,SLE,0,0,0
2022-01-01,SLE,2,2,0
2022-02-01,SLE,5,3,2
2022-03-01,SLE,1,1,0
2022-04-01,SLE,9,5,4
2022-05-01,SLE,7,6,1
2022-06-01,SLE,15,10,5
2022-07-01,SLE,15,13,2
2022-08-01,SLE,16,8,8
2022-09-01,SLE,7,5,2
2022-10-01,SLE,21,14,7
2022-11-01,SLE,25,20,5
2022-12-01,SLE,13,11,2
2023-01-01,SLE,24,15,9
2023-02-01,SLE,23,12,11
2023-03-01,SLE,26,20,6
2023-04-01,SLE,13,12,1
2023-05-01,SLE,12,9,3
2023-06-01,SLE,9,4,5
2023-07-01,SLE,33,15,18
2023-08-01,SLE,19,15,4
2023-09-01,SLE,33,25,8
2023-10-01,SLE,25,16,9
2023-11-01,SLE,46,28,18
2023-12-01,SLE,32,22,10
2024-01-01,SLE,26,14,12
2024-02-01,SLE,20,17,3
2024-03-01,SLE,30,26,4
2024-04-01,SLE,12,7,5
2024-05-01,SLE,38,19,19
2024-06-01,SLE,39,21,18
2020-01-01,SLV,24,9,15
2020-02-01,SLV,22,9,13
2020-03-01,SLV,7,5,2
2020-04-01,SLV,0,0,0
2020-05-01,SLV,0,0,0
2020-06-01,SLV,0,0,0
2020-07-01,SLV,0,0,0
2020-08-01,SLV,0,0,0
2020-09-01,SLV,1,0,1
2020-10-01,SLV,0,0,0
2020-11-01,SLV,0,0,0
2020-12-01,SLV,0,0,0
2021-01-01,SLV,0,0,0
2021-02-01,SLV,0,0,0
2021-03-01,SLV,1,1,0
2021-04-01,SLV,0,0,0
2021-05-01,SLV,0,0,0
2021-06-01,SLV,1,0,1
2021-07-01,SLV,0,0,0
2021-08-01,SLV,0,0,0
2021-09-01,SLV,0,0,0
2021-10-01,SLV,0,0,0
2021-11-01,SLV,0,0,0
2021-12-01,SLV,0,0,0
2022-01-01,SLV,0,0,0
2022-02-01,SLV,1,0,1
2022-03-01,SLV,0,0,0
2022-04-01,SLV,1,1,0
2022-05-01,SLV,6,1,5
2022-06-01,SLV,5,3,2
2022-07-01,SLV,1,1,0
2022-08-01,SLV,14,8,6
2022-09-01,SLV,7,5,2
2022-10-01,SLV,12,6,6
2022-11-01,SLV,21,12,9
2022-12-01,SLV,14,10,4
2023-01-01,SLV,10,5,5
2023-02-01,SLV,17,9,8
2023-03-01,SLV,18,11,7
2023-04-01,SLV,27,17,10
2023-05-01,SLV,30,18,12
2023-06-01,SLV,20,14,6
2023-07-01,SLV,22,11,11
2023-08-01,SLV,23,7,16
2023-09-01,SLV,33,20,13
2023-10-01,SLV,21,10,11
2023-11-01,SLV,14,7,7
2023-12-01,SLV,15,8,7
2024-01-01,SLV,46,19,27
2024-02-01,SLV,21,15,6
2024-03-01,SLV,16,11,5
2024-04-01,SLV,16,11,5
2024-05-01,SLV,15,8,7
2024-06-01,SLV,17,7,10
2020-01-01,SMR,3,2,1
2020-02-01,SMR,4,3,1
2020-03-01,SMR,1,1,0
2020-04-01,SMR,0,0,0
2020-05-01,SMR,0,0,0
2020-06-01,SMR,0,0,0
2020-07-01,SMR,0,0,0
2020-08-01,SMR,0,0,0
2020-09-01,SMR,0,0,0
2020-10-01,SMR,0,0,0
2020-11-01,SMR,0,0,0
2020-12-01,SMR,0,0,0
2021-01-01,SMR,1,1,0
2021-02-01,SMR,0,0,0
2021-03-01,SMR,0,0,0
2021-04-01,SMR,0,0,0
2021-05-01,SMR,0,0,0
2021-06-01,SMR,0,0,0
2021-07-01,SMR,0,0,0
2021-08-01,SMR,0,0,0
2021-09-01,SMR,0,0,0
2021-10-01,SMR,0,0,0
2021-11-01,SMR,0,0,0
2021-12-01,SMR,0,0,0
2022-01-01,SMR,1,1,0
2022-02-01,SMR,2,2,0
2022-03-01,SMR,0,0,0
2022-04-01,SMR,0,0,0
2022-05-01,SMR,1,1,0
2022-06-01,SMR,0,0,0
2022-07-01,SMR,0,0,0
2022-08-01,SMR,2,1,1
2022-09-01,SMR,0,0,0
2022-10-01,SMR,2,2,0
2022-11-01,SMR,0,0,0
2022-12-01,SMR,0,0,0
2023-01-01,SMR,2,2,0
2023-02-01,SMR,4,4,0
2023-03-01,SMR,1,1,0
2023-04-01,SMR,9,2,7
2023-05-01,SMR,3,2,1
2023-06-01,SMR,1,1,0
2023-07-01,SMR,4,3,1
2023-08-01,SMR,4,2,2
2023-09-01,SMR,0,0,0
2023-10-01,SMR,1,1,0
2023-11-01,SMR,4,4,0
2023-12-01,SMR,4,0,4
2024-01-01,SMR,5,5,0
2024-02-01,SMR,6,4,2
2024-03-01,SMR,5,3,2
2024-04-01,SMR,7,5,2
2024-05-01,SMR,3,2,1
2024-06-01,SMR,1,1,0
2020-01-01,SOM,352,202,150
2020-02-01,SOM,357,245,112
2020-03-01,SOM,153,98,55
2020-04-01,SOM,0,0,0
2020-05-01,SOM,0,0,0
2020-06-01,SOM,0,0,0
2020-07-01,SOM,0,0,0
2020-08-01,SOM,2,2,0
2020-09-01,SOM,6,4,2
2020-10-01,SOM,2,2,0
2020-11-01,SOM,1,0,1
2020-12-01,SOM,3,2,1
2021-01-01,SOM,3,2,1
2021-02-01,SOM,15,12,3
2021-03-01,SOM,36,26,10
2021-04-01,SOM,48,38,10
2021-05-01,SOM,16,11,5
2021-06-01,SOM,9,5,4
2021-07-01,SOM,10,9,1
2021-08-01,SOM,19,9,10
2021-09-01,SOM,45,41,4
2021-10-01,SOM,78,63,15
2021-11-01,SOM,43,33,10
2021-12-01,SOM,80,51,29
2022-01-01,SOM,77,52,25
2022-02-01,SOM,54,31,23
2022-03-01,SOM,94,70,24
2022-04-01,SOM,121,84,37
2022-05-01,SOM,132,80,52
2022-06-01,SOM,138,81,57
2022-07-01,SOM,123,60,63
2022-08-01,SOM,200,120,80
2022-09-01,SOM,235,148,87
2022-10-01,SOM,265,174,91
2022-11-01,SOM,248,157,91
2022-12-01,SOM,174,117,57
2023-01-01,SOM,253,154,99
2023-02-01,SOM,216,133,83
2023-03-01,SOM,251,163,88
2023-04-01,SOM,162,99,63
2023-05-01,SOM,227,137,90
2023-06-01,SOM,171,100,71
2023-07-01,SOM,181,108,73
2023-08-01,SOM,248,139,109
2023-09-01,SOM,251,162,89
2023-10-01,SOM,268,168,100
2023-11-01,SOM,306,187,119
2023-12-01,SOM,202,123,79
2024-01-01,SOM,242,121,121
2024-02-01,SOM,269,149,120
2024-03-01,SOM,230,135,95
2024-04-01,SOM,201,108,93
2024-05-01,SOM,208,116,92
2024-06-01,SOM,232,144,88
2020-01-01,SPM,0,0,0
2020-02-01,SPM,0,0,0
2020-03-01,SPM,0,0,0
2020-04-01,SPM,0,0,0
2020-05-01,SPM,0,0,0
2020-06-01,SPM,0,0,0
2020-07-01,SPM,0,0,0
2020-08-01,SPM,0,0,0
2020-09-01,SPM,0,0,0
2020-10-01,SPM,0,0,0
2020-11-01,SPM,0,0,0
2020-12-01,SPM,0,0,0
2021-01-01,SPM,0,0,0
2021-02-01,SPM,0,0,0
2021-03-01,SPM,0,0,0
2021-04-01,SPM,0,0,0
2021-05-01,SPM,0,0,0
2021-06-01,SPM,0,0,0
2021-07-01,SPM,0,0,0
2021-08-01,SPM,0,0,0
2021-09-01,SPM,0,0,0
2021-10-01,SPM,0,0,0
2021-11-01,SPM,0,0,0
2021-12-01,SPM,0,0,0
2022-01-01,SPM,0,0,0
2022-02-01,SPM,0,0,0
2022-03-01,SPM,0,0,0
2022-04-01,SPM,0,0,0
2022-05-01,SPM,0,0,0
2022-06-01,SPM,0,0,0
2022-07-01,SPM,0,0,0
2022-08-01,SPM,0,0,0
2022-09-01,SPM,0,0,0
2022-10-01,SPM,0,0,0
2022-11-01,SPM,0,0,0
2022-12-01,SPM,0,0,0
2023-01-01,SPM,0,0,0
2023-02-01,SPM,0,0,0
2023-03-01,SPM,0,0,0
2023-04-01,SPM,0,0,0
2023-05-01,SPM,0,0,0
2023-06-01,SPM,0,0,0
2023-07-01,SPM,0,0,0
2023-08-01,SPM,0,0,0
2023-09-01,SPM,0,0,0
2023-10-01,SPM,0,0,0
2023-11-01,SPM,0,0,0
2023-12-01,SPM,0,0,0
2024-01-01,SPM,1,0,1
2024-02-01,SPM,0,0,0
2024-03-01,SPM,0,0,0
2024-04-01,SPM,0,0,0
2024-05-01,SPM,0,0,0
2024-06-01,SPM,0,0,0
2020-01-01,SRB,191,107,84
2020-02-01,SRB,115,68,47
2020-03-01,SRB,37,23,14
2020-04-01,SRB,0,0,0
2020-05-01,SRB,0,0,0
2020-06-01,SRB,0,0,0
2020-07-01,SRB,1,0,1
2020-08-01,SRB,3,1,2
2020-09-01,SRB,0,0,0
2020-10-01,SRB,6,3,3
2020-11-01,SRB,1,1,0
2020-12-01,SRB,0,0,0
2021-01-01,SRB,3,2,1
2021-02-01,SRB,3,2,1
2021-03-01,SRB,1,1,0
2021-04-01,SRB,2,1,1
2021-05-01,SRB,4,4,0
2021-06-01,SRB,0,0,0
2021-07-01,SRB,1,0,1
2021-08-01,SRB,6,3,3
2021-09-01,SRB,0,0,0
2021-10-01,SRB,3,2,1
2021-11-01,SRB,6,4,2
2021-12-01,SRB,5,5,0
2022-01-01,SRB,4,3,1
2022-02-01,SRB,5,3,2
2022-03-01,SRB,14,11,3
2022-04-01,SRB,14,6,8
2022-05-01,SRB,28,17,11
2022-06-01,SRB,31,20,11
2022-07-01,SRB,40,26,14
2022-08-01,SRB,38,21,17
2022-09-01,SRB,62,43,19
2022-10-01,SRB,73,37,36
2022-11-01,SRB,65,42,23
2022-12-01,SRB,80,47,33
2023-01-01,SRB,67,43,24
2023-02-01,SRB,77,41,36
2023-03-01,SRB,86,55,31
2023-04-01,SRB,104,51,53
2023-05-01,SRB,48,28,20
2023-06-01,SRB,52,28,24
2023-07-01,SRB,85,47,38
2023-08-01,SRB,100,53,47
2023-09-01,SRB,108,56,52
2023-10-01,SRB,128,72,56
2023-11-01,SRB,110,56,54
2023-12-01,SRB,144,76,68
2024-01-01,SRB,208,98,110
2024-02-01,SRB,221,114,107
2024-03-01,SRB,153,81,72
2024-04-01,SRB,113,70,43
2024-05-01,SRB,193,93,100
2024-06-01,SRB,107,55,52
2020-01-01,SSD,34,25,9
2020-02-01,SSD,14,11,3
2020-03-01,SSD,11,8,3
2020-04-01,SSD,0,0,0
2020-05-01,SSD,0,0,0
2020-06-01,SSD,0,0,0
2020-07-01,SSD,0,0,0
2020-08-01,SSD,0,0,0
2020-09-01,SSD,1,0,1
2020-10-01,SSD,0,0,0
2020-11-01,SSD,0,0,0
2020-12-01,SSD,0,0,0
2021-01-01,SSD,1,0,1
2021-02-01,SSD,0,0,0
2021-03-01,SSD,13,11,2
2021-04-01,SSD,4,3,1
2021-05-01,SSD,5,4,1
2021-06-01,SSD,2,1,1
2021-07-01,SSD,2,2,0
2021-08-01,SSD,3,3,0
2021-09-01,SSD,0,0,0
2021-10-01,SSD,5,4,1
2021-11-01,SSD,1,1,0
2021-12-01,SSD,2,1,1
2022-01-01,SSD,8,8,0
2022-02-01,SSD,2,1,1
2022-03-01,SSD,7,1,6
2022-04-01,SSD,23,13,10
2022-05-01,SSD,19,16,3
2022-06-01,SSD,10,6,4
2022-07-01,SSD,16,13,3
2022-08-01,SSD,17,17,0
2022-09-01,SSD,48,35,13
2022-10-01,SSD,45,37,8
2022-11-01,SSD,31,19,12
2022-12-01,SSD,32,29,3
2023-01-01,SSD,47,33,14
2023-02-01,SSD,25,15,10
2023-03-01,SSD,39,21,18
2023-04-01,SSD,22,12,10
2023-05-01,SSD,22,15,7
2023-06-01,SSD,14,9,5
2023-07-01,SSD,28,15,13
2023-08-01,SSD,70,45,25
2023-09-01,SSD,34,22,12
2023-10-01,SSD,18,10,8
2023-11-01,SSD,35,22,13
2023-12-01,SSD,35,18,17
2024-01-01,SSD,46,33,13
2024-02-01,SSD,43,30,13
2024-03-01,SSD,31,19,12
2024-04-01,SSD,35,15,20
2024-05-01,SSD,34,17,17
2024-06-01,SSD,38,19,19
2020-01-01,STP,8,3,5
2020-02-01,STP,2,2,0
2020-03-01,STP,0,0,0
2020-04-01,STP,0,0,0
2020-05-01,STP,0,0,0
2020-06-01,STP,0,0,0
2020-07-01,STP,0,0,0
2020-08-01,STP,0,0,0
2020-09-01,STP,0,0,0
2020-10-01,STP,0,0,0
2020-11-01,STP,0,0,0
2020-12-01,STP,0,0,0
2021-01-01,STP,2,2,0
2021-02-01,STP,0,0,0
2021-03-01,STP,0,0,0
2021-04-01,STP,0,0,0
2021-05-01,STP,0,0,0
2021-06-01,STP,0,0,0
2021-07-01,STP,0,0,0
2021-08-01,STP,0,0,0
2021-09-01,STP,0,0,0
2021-10-01,STP,0,0,0
2021-11-01,STP,0,0,0
2021-12-01,STP,0,0,0
2022-01-01,STP,0,0,0
2022-02-01,STP,0,0,0
2022-03-01,STP,0,0,0
2022-04-01,STP,2,2,0
2022-05-01,STP,0,0,0
2022-06-01,STP,0,0,0
2022-07-01,STP,1,0,1
2022-08-01,STP,2,1,1
2022-09-01,STP,1,1,0
2022-10-01,STP,0,0,0
2022-11-01,STP,2,0,2
2022-12-01,STP,1,1,0
2023-01-01,STP,3,3,0
2023-02-01,STP,2,1,1
2023-03-01,STP,2,1,1
2023-04-01,STP,0,0,0
2023-05-01,STP,4,4,0
2023-06-01,STP,0,0,0
2023-07-01,STP,1,1,0
2023-08-01,STP,2,2,0
2023-09-01,STP,2,2,0
2023-10-01,STP,2,2,0
2023-11-01,STP,1,1,0
2023-12-01,STP,3,1,2
2024-01-01,STP,1,0,1
2024-02-01,STP,0,0,0
2024-03-01,STP,0,0,0
2024-04-01,STP,1,0,1
2024-05-01,STP,2,0,2
2024-06-01,STP,1,1,0
2020-01-01,SUR,15,9,6
2020-02-01,SUR,8,5,3
2020-03-01,SUR,9,5,4
2020-04-01,SUR,0,0,0
2020-05-01,SUR,0,0,0
2020-06-01,SUR,0,0,0
2020-07-01,SUR,0,0,0
2020-08-01,SUR,0,0,0
2020-09-01,SUR,0,0,0
2020-10-01,SUR,0,0,0
2020-11-01,SUR,0,0,0
2020-12-01,SUR,0,0,0
2021-01-01,SUR,0,0,0
2021-02-01,SUR,0,0,0
2021-03-01,SUR,0,0,0
2021-04-01,SUR,0,0,0
2021-05-01,SUR,0,0,0
2021-06-01,SUR,0,0,0
2021-07-01,SUR,0,0,0
2021-08-01,SUR,0,0,0
2021-09-01,SUR,0,0,0
2021-10-01,SUR,0,0,0
2021-11-01,SUR,0,0,0
2021-12-01,SUR,0,0,0
2022-01-01,SUR,0,0,0
2022-02-01,SUR,0,0,0
2022-03-01,SUR,0,0,0
2022-04-01,SUR,1,1,0
2022-05-01,SUR,3,0,3
2022-06-01,SUR,5,4,1
2022-07-01,SUR,5,3,2
2022-08-01,SUR,8,6,2
2022-09-01,SUR,8,6,2
2022-10-01,SUR,44,19,25
2022-11-01,SUR,14,9,5
2022-12-01,SUR,20,9,11
2023-01-01,SUR,11,7,4
2023-02-01,SUR,15,10,5
2023-03-01,SUR,16,10,6
2023-04-01,SUR,24,16,8
2023-05-01,SUR,37,19,18
2023-06-01,SUR,24,16,8
2023-07-01,SUR,28,20,8
2023-08-01,SUR,42,25,17
2023-09-01,SUR,83,41,42
2023-10-01,SUR,23,13,10
2023-11-01,SUR,20,14,6
2023-12-01,SUR,19,10,9
2024-01-01,SUR,14,11,3
2024-02-01,SUR,14,8,6
2024-03-01,SUR,23,19,4
2024-04-01,SUR,29,18,11
2024-05-01,SUR,33,17,16
2024-06-01,SUR,21,16,5
2020-01-01,SVK,891,480,411
2020-02-01,SVK,953,486,467
2020-03-01,SVK,393,192,201
2020-04-01,SVK,0,0,0
2020-05-01,SVK,0,0,0
2020-06-01,SVK,0,0,0
2020-07-01,SVK,7,7,0
2020-08-01,SVK,9,6,3
2020-09-01,SVK,32,29,3
2020-10-01,SVK,17,15,2
2020-11-01,SVK,4,4,0
2020-12-01,SVK,0,0,0
2021-01-01,SVK,9,8,1
2021-02-01,SVK,11,11,0
2021-03-01,SVK,12,10,2
2021-04-01,SVK,11,8,3
2021-05-01,SVK,7,5,2
2021-06-01,SVK,0,0,0
2021-07-01,SVK,2,2,0
2021-08-01,SVK,11,6,5
2021-09-01,SVK,6,5,1
2021-10-01,SVK,11,9,2
2021-11-01,SVK,20,18,2
2021-12-01,SVK,10,4,6
2022-01-01,SVK,34,28,6
2022-02-01,SVK,13,10,3
2022-03-01,SVK,44,25,19
2022-04-01,SVK,80,51,29
2022-05-01,SVK,133,89,44
2022-06-01,SVK,128,56,72
2022-07-01,SVK,284,152,132
2022-08-01,SVK,290,153,137
2022-09-01,SVK,208,119,89
2022-10-01,SVK,276,162,114
2022-11-01,SVK,355,198,157
2022-12-01,SVK,343,174,169
2023-01-01,SVK,623,348,275
2023-02-01,SVK,633,342,291
2023-03-01,SVK,565,317,248
2023-04-01,SVK,401,234,167
2023-05-01,SVK,361,215,146
2023-06-01,SVK,183,105,78
2023-07-01,SVK,457,241,216
2023-08-01,SVK,337,173,164
2023-09-01,SVK,332,193,139
2023-10-01,SVK,462,266,196
2023-11-01,SVK,526,291,235
2023-12-01,SVK,537,293,244
2024-01-01,SVK,761,413,348
2024-02-01,SVK,925,504,421
2024-03-01,SVK,1055,548,507
2024-04-01,SVK,491,256,235
2024-05-01,SVK,392,223,169
2024-06-01,SVK,388,212,176
2020-01-01,SVN,205,123,82
2020-02-01,SVN,385,212,173
2020-03-01,SVN,64,34,30
2020-04-01,SVN,0,0,0
2020-05-01,SVN,0,0,0
2020-06-01,SVN,0,0,0
2020-07-01,SVN,2,0,2
2020-08-01,SVN,1,1,0
2020-09-01,SVN,1,1,0
2020-10-01,SVN,0,0,0
2020-11-01,SVN,4,4,0
2020-12-01,SVN,0,0,0
2021-01-01,SVN,2,1,1
2021-02-01,SVN,0,0,0
2021-03-01,SVN,2,2,0
2021-04-01,SVN,1,1,0
2021-05-01,SVN,2,2,0
2021-06-01,SVN,2,2,0
2021-07-01,SVN,0,0,0
2021-08-01,SVN,2,1,1
2021-09-01,SVN,0,0,0
2021-10-01,SVN,4,3,1
2021-11-01,SVN,2,1,1
2021-12-01,SVN,3,2,1
2022-01-01,SVN,3,3,0
2022-02-01,SVN,8,5,3
2022-03-01,SVN,3,2,1
2022-04-01,SVN,24,16,8
2022-05-01,SVN,35,14,21
2022-06-01,SVN,34,21,13
2022-07-01,SVN,107,70,37
2022-08-01,SVN,85,49,36
2022-09-01,SVN,70,41,29
2022-10-01,SVN,93,59,34
2022-11-01,SVN,94,56,38
2022-12-01,SVN,90,51,39
2023-01-01,SVN,159,96,63
2023-02-01,SVN,239,120,119
2023-03-01,SVN,174,91,83
2023-04-01,SVN,211,114,97
2023-05-01,SVN,96,61,35
2023-06-01,SVN,96,57,39
2023-07-01,SVN,243,121,122
2023-08-01,SVN,189,97,92
2023-09-01,SVN,165,89,76
2023-10-01,SVN,171,101,70
2023-11-01,SVN,229,130,99
2023-12-01,SVN,255,144,111
2024-01-01,SVN,424,224,200
2024-02-01,SVN,499,277,222
2024-03-01,SVN,376,192,184
2024-04-01,SVN,260,132,128
2024-05-01,SVN,159,88,71
2024-06-01,SVN,217,108,109
2020-01-01,SWE,4792,2680,2112
2020-02-01,SWE,3960,2148,1812
2020-03-01,SWE,1380,756,624
2020-04-01,SWE,3,3,0
2020-05-01,SWE,1,1,0
2020-06-01,SWE,0,0,0
2020-07-01,SWE,39,30,9
2020-08-01,SWE,17,13,4
2020-09-01,SWE,10,7,3
2020-10-01,SWE,22,16,6
2020-11-01,SWE,25,20,5
2020-12-01,SWE,22,17,5
2021-01-01,SWE,30,26,4
2021-02-01,SWE,28,25,3
2021-03-01,SWE,28,26,2
2021-04-01,SWE,34,29,5
2021-05-01,SWE,39,33,6
2021-06-01,SWE,11,10,1
2021-07-01,SWE,27,24,3
2021-08-01,SWE,35,26,9
2021-09-01,SWE,51,38,13
2021-10-01,SWE,39,33,6
2021-11-01,SWE,29,28,1
2021-12-01,SWE,82,55,27
2022-01-01,SWE,87,60,27
2022-02-01,SWE,71,53,18
2022-03-01,SWE,92,72,20
2022-04-01,SWE,543,355,188
2022-05-01,SWE,632,429,203
2022-06-01,SWE,727,482,245
2022-07-01,SWE,1000,617,383
2022-08-01,SWE,782,526,256
2022-09-01,SWE,1018,675,343
2022-10-01,SWE,1224,735,489
2022-11-01,SWE,1465,901,564
2022-12-01,SWE,1780,1009,771
2023-01-01,SWE,2179,1240,939
2023-02-01,SWE,2412,1325,1087
2023-03-01,SWE,2159,1244,915
2023-04-01,SWE,1562,926,636
2023-05-01,SWE,1052,660,392
2023-06-01,SWE,1114,698,416
2023-07-01,SWE,1492,901,591
2023-08-01,SWE,1199,774,425
2023-09-01,SWE,1222,827,395
2023-10-01,SWE,1563,897,666
2023-11-01,SWE,1951,1145,806
2023-12-01,SWE,2776,1572,1204
2024-01-01,SWE,3090,1736,1354
2024-02-01,SWE,3012,1604,1408
2024-03-01,SWE,2436,1347,1089
2024-04-01,SWE,1481,844,637
2024-05-01,SWE,1092,706,386
2024-06-01,SWE,1577,931,646
2020-01-01,SWZ,10,4,6
2020-02-01,SWZ,6,5,1
2020-03-01,SWZ,6,2,4
2020-04-01,SWZ,0,0,0
2020-05-01,SWZ,0,0,0
2020-06-01,SWZ,0,0,0
2020-07-01,SWZ,0,0,0
2020-08-01,SWZ,0,0,0
2020-09-01,SWZ,0,0,0
2020-10-01,SWZ,0,0,0
2020-11-01,SWZ,1,1,0
2020-12-01,SWZ,1,1,0
2021-01-01,SWZ,5,2,3
2021-02-01,SWZ,0,0,0
2021-03-01,SWZ,3,0,3
2021-04-01,SWZ,1,1,0
2021-05-01,SWZ,0,0,0
2021-06-01,SWZ,0,0,0
2021-07-01,SWZ,1,1,0
2021-08-01,SWZ,0,0,0
2021-09-01,SWZ,0,0,0
2021-10-01,SWZ,0,0,0
2021-11-01,SWZ,0,0,0
2021-12-01,SWZ,1,1,0
2022-01-01,SWZ,3,1,2
2022-02-01,SWZ,2,0,2
2022-03-01,SWZ,15,5,10
2022-04-01,SWZ,3,2,1
2022-05-01,SWZ,15,7,8
2022-06-01,SWZ,9,6,3
2022-07-01,SWZ,11,5,6
2022-08-01,SWZ,12,3,9
2022-09-01,SWZ,10,5,5
2022-10-01,SWZ,13,6,7
2022-11-01,SWZ,12,5,7
2022-12-01,SWZ,23,15,8
2023-01-01,SWZ,12,7,5
2023-02-01,SWZ,15,4,11
2023-03-01,SWZ,11,2,9
2023-04-01,SWZ,18,8,10
2023-05-01,SWZ,5,1,4
2023-06-01,SWZ,17,7,10
2023-07-01,SWZ,32,14,18
2023-08-01,SWZ,26,12,14
2023-09-01,SWZ,22,8,14
2023-10-01,SWZ,31,20,11
2023-11-01,SWZ,28,16,12
2023-12-01,SWZ,25,13,12
2024-01-01,SWZ,14,5,9
2024-02-01,SWZ,16,6,10
2024-03-01,SWZ,24,12,12
2024-04-01,SWZ,22,9,13
2024-05-01,SWZ,30,14,16
2024-06-01,SWZ,56,30,26
2020-01-01,SYC,170,84,86
2020-02-01,SYC,76,40,36
2020-03-01,SYC,25,8,17
2020-04-01,SYC,0,0,0
2020-05-01,SYC,0,0,0
2020-06-01,SYC,0,0,0
2020-07-01,SYC,0,0,0
2020-08-01,SYC,0,0,0
2020-09-01,SYC,5,1,4
2020-10-01,SYC,3,2,1
2020-11-01,SYC,1,0,1
2020-12-01,SYC,0,0,0
2021-01-01,SYC,2,0,2
2021-02-01,SYC,5,0,5
2021-03-01,SYC,13,8,5
2021-04-01,SYC,6,1,5
2021-05-01,SYC,12,6,6
2021-06-01,SYC,1,1,0
2021-07-01,SYC,3,2,1
2021-08-01,SYC,4,3,1
2021-09-01,SYC,18,5,13
2021-10-01,SYC,11,6,5
2021-11-01,SYC,15,8,7
2021-12-01,SYC,13,4,9
2022-01-01,SYC,19,6,13
2022-02-01,SYC,6,1,5
2022-03-01,SYC,18,5,13
2022-04-01,SYC,42,18,24
2022-05-01,SYC,40,22,18
2022-06-01,SYC,33,14,19
2022-07-01,SYC,44,20,24
2022-08-01,SYC,81,34,47
2022-09-01,SYC,66,31,35
2022-10-01,SYC,39,17,22
2022-11-01,SYC,43,15,28
2022-12-01,SYC,74,27,47
2023-01-01,SYC,79,32,47
2023-02-01,SYC,57,16,41
2023-03-01,SYC,64,25,39
2023-04-01,SYC,87,40,47
2023-05-01,SYC,60,23,37
2023-06-01,SYC,52,18,34
2023-07-01,SYC,54,20,34
2023-08-01,SYC,114,50,64
2023-09-01,SYC,122,51,71
2023-10-01,SYC,71,27,44
2023-11-01,SYC,71,30,41
2023-12-01,SYC,244,101,143
2024-01-01,SYC,171,71,100
2024-02-01,SYC,101,34,67
2024-03-01,SYC,59,21,38
2024-04-01,SYC,142,61,81
2024-05-01,SYC,63,29,34
2024-06-01,SYC,96,36,60
2020-01-01,SYR,1070,696,374
2020-02-01,SYR,785,545,240
2020-03-01,SYR,341,268,73
2020-04-01,SYR,0,0,0
2020-05-01,SYR,0,0,0
2020-06-01,SYR,0,0,0
2020-07-01,SYR,1,1,0
2020-08-01,SYR,24,23,1
2020-09-01,SYR,43,41,2
2020-10-01,SYR,29,27,2
2020-11-01,SYR,8,6,2
2020-12-01,SYR,6,6,0
2021-01-01,SYR,10,5,5
2021-02-01,SYR,18,16,2
2021-03-01,SYR,51,30,21
2021-04-01,SYR,33,22,11
2021-05-01,SYR,29,19,10
2021-06-01,SYR,15,11,4
2021-07-01,SYR,20,12,8
2021-08-01,SYR,22,15,7
2021-09-01,SYR,22,16,6
2021-10-01,SYR,53,45,8
2021-11-01,SYR,47,35,12
2021-12-01,SYR,90,55,35
2022-01-01,SYR,98,66,32
2022-02-01,SYR,147,106,41
2022-03-01,SYR,132,81,51
2022-04-01,SYR,355,223,132
2022-05-01,SYR,455,266,189
2022-06-01,SYR,471,281,190
2022-07-01,SYR,558,314,244
2022-08-01,SYR,702,406,296
2022-09-01,SYR,723,441,282
2022-10-01,SYR,611,385,226
2022-11-01,SYR,523,339,184
2022-12-01,SYR,479,305,174
2023-01-01,SYR,513,337,176
2023-02-01,SYR,523,346,177
2023-03-01,SYR,574,415,159
2023-04-01,SYR,504,332,172
2023-05-01,SYR,622,447,175
2023-06-01,SYR,685,393,292
2023-07-01,SYR,834,493,341
2023-08-01,SYR,922,506,416
2023-09-01,SYR,787,488,299
2023-10-01,SYR,706,482,224
2023-11-01,SYR,832,553,279
2023-12-01,SYR,789,494,295
2024-01-01,SYR,763,484,279
2024-02-01,SYR,784,505,279
2024-03-01,SYR,463,321,142
2024-04-01,SYR,591,384,207
2024-05-01,SYR,683,453,230
2024-06-01,SYR,983,557,426
2020-01-01,TCA,0,0,0
2020-02-01,TCA,0,0,0
2020-03-01,TCA,0,0,0
2020-04-01,TCA,0,0,0
2020-05-01,TCA,0,0,0
2020-06-01,TCA,0,0,0
2020-07-01,TCA,0,0,0
2020-08-01,TCA,0,0,0
2020-09-01,TCA,0,0,0
2020-10-01,TCA,0,0,0
2020-11-01,TCA,0,0,0
2020-12-01,TCA,0,0,0
2021-01-01,TCA,0,0,0
2021-02-01,TCA,0,0,0
2021-03-01,TCA,0,0,0
2021-04-01,TCA,0,0,0
2021-05-01,TCA,0,0,0
2021-06-01,TCA,0,0,0
2021-07-01,TCA,0,0,0
2021-08-01,TCA,0,0,0
2021-09-01,TCA,0,0,0
2021-10-01,TCA,0,0,0
2021-11-01,TCA,0,0,0
2021-12-01,TCA,0,0,0
2022-01-01,TCA,0,0,0
2022-02-01,TCA,0,0,0
2022-03-01,TCA,0,0,0
2022-04-01,TCA,0,0,0
2022-05-01,TCA,0,0,0
2022-06-01,TCA,0,0,0
2022-07-01,TCA,0,0,0
2022-08-01,TCA,0,0,0
2022-09-01,TCA,0,0,0
2022-10-01,TCA,0,0,0
2022-11-01,TCA,0,0,0
2022-12-01,TCA,0,0,0
2023-01-01,TCA,0,0,0
2023-02-01,TCA,1,0,1
2023-03-01,TCA,0,0,0
2023-04-01,TCA,0,0,0
2023-05-01,TCA,0,0,0
2023-06-01,TCA,0,0,0
2023-07-01,TCA,0,0,0
2023-08-01,TCA,0,0,0
2023-09-01,TCA,0,0,0
2023-10-01,TCA,0,0,0
2023-11-01,TCA,0,0,0
2023-12-01,TCA,1,0,1
2024-01-01,TCA,0,0,0
2024-02-01,TCA,1,0,1
2024-03-01,TCA,0,0,0
2024-04-01,TCA,0,0,0
2024-05-01,TCA,0,0,0
2024-06-01,TCA,0,0,0
2020-01-01,TCD,27,20,7
2020-02-01,TCD,26,23,3
2020-03-01,TCD,5,5,0
2020-04-01,TCD,1,1,0
2020-05-01,TCD,0,0,0
2020-06-01,TCD,0,0,0
2020-07-01,TCD,0,0,0
2020-08-01,TCD,0,0,0
2020-09-01,TCD,0,0,0
2020-10-01,TCD,0,0,0
2020-11-01,TCD,0,0,0
2020-12-01,TCD,0,0,0
2021-01-01,TCD,0,0,0
2021-02-01,TCD,0,0,0
2021-03-01,TCD,2,2,0
2021-04-01,TCD,3,3,0
2021-05-01,TCD,3,3,0
2021-06-01,TCD,0,0,0
2021-07-01,TCD,0,0,0
2021-08-01,TCD,2,1,1
2021-09-01,TCD,2,2,0
2021-10-01,TCD,1,1,0
2021-11-01,TCD,2,2,0
2021-12-01,TCD,4,3,1
2022-01-01,TCD,8,8,0
2022-02-01,TCD,4,3,1
2022-03-01,TCD,10,9,1
2022-04-01,TCD,13,9,4
2022-05-01,TCD,8,7,1
2022-06-01,TCD,11,8,3
2022-07-01,TCD,11,8,3
2022-08-01,TCD,15,9,6
2022-09-01,TCD,13,10,3
2022-10-01,TCD,10,8,2
2022-11-01,TCD,22,21,1
2022-12-01,TCD,19,11,8
2023-01-01,TCD,13,8,5
2023-02-01,TCD,10,8,2
2023-03-01,TCD,32,22,10
2023-04-01,TCD,22,17,5
2023-05-01,TCD,27,25,2
2023-06-01,TCD,26,18,8
2023-07-01,TCD,34,25,9
2023-08-01,TCD,22,16,6
2023-09-01,TCD,34,28,6
2023-10-01,TCD,48,35,13
2023-11-01,TCD,48,42,6
2023-12-01,TCD,29,26,3
2024-01-01,TCD,40,30,10
2024-02-01,TCD,35,27,8
2024-03-01,TCD,29,22,7
2024-04-01,TCD,22,18,4
2024-05-01,TCD,36,29,7
2024-06-01,TCD,41,34,7
2020-01-01,TGO,16,14,2
2020-02-01,TGO,9,9,0
2020-03-01,TGO,4,4,0
2020-04-01,TGO,0,0,0
2020-05-01,TGO,0,0,0
2020-06-01,TGO,0,0,0
2020-07-01,TGO,0,0,0
2020-08-01,TGO,0,0,0
2020-09-01,TGO,0,0,0
2020-10-01,TGO,1,0,1
2020-11-01,TGO,0,0,0
2020-12-01,TGO,0,0,0
2021-01-01,TGO,0,0,0
2021-02-01,TGO,0,0,0
2021-03-01,TGO,0,0,0
2021-04-01,TGO,1,1,0
2021-05-01,TGO,1,1,0
2021-06-01,TGO,0,0,0
2021-07-01,TGO,1,1,0
2021-08-01,TGO,0,0,0
2021-09-01,TGO,0,0,0
2021-10-01,TGO,0,0,0
2021-11-01,TGO,3,3,0
2021-12-01,TGO,0,0,0
2022-01-01,TGO,0,0,0
2022-02-01,TGO,1,1,0
2022-03-01,TGO,1,1,0
2022-04-01,TGO,3,3,0
2022-05-01,TGO,3,2,1
2022-06-01,TGO,1,0,1
2022-07-01,TGO,1,1,0
2022-08-01,TGO,2,1,1
2022-09-01,TGO,9,7,2
2022-10-01,TGO,16,14,2
2022-11-01,TGO,2,1,1
2022-12-01,TGO,5,4,1
2023-01-01,TGO,2,1,1
2023-02-01,TGO,5,3,2
2023-03-01,TGO,10,10,0
2023-04-01,TGO,9,7,2
2023-05-01,TGO,6,5,1
2023-06-01,TGO,4,4,0
2023-07-01,TGO,12,8,4
2023-08-01,TGO,17,13,4
2023-09-01,TGO,11,7,4
2023-10-01,TGO,20,17,3
2023-11-01,TGO,13,10,3
2023-12-01,TGO,16,12,4
2024-01-01,TGO,11,10,1
2024-02-01,TGO,5,2,3
2024-03-01,TGO,11,10,1
2024-04-01,TGO,9,4,5
2024-05-01,TGO,13,10,3
2024-06-01,TGO,8,7,1
2020-01-01,THA,165073,78096,86977
2020-02-01,THA,148430,70429,78001
2020-03-01,THA,86177,42731,43446
2020-04-01,THA,13950,13243,707
2020-05-01,THA,13137,12277,860
2020-06-01,THA,11904,11143,761
2020-07-01,THA,12722,11950,772
2020-08-01,THA,14922,13935,987
2020-09-01,THA,14738,13805,933
2020-10-01,THA,15325,14301,1024
2020-11-01,THA,17634,16430,1204
2020-12-01,THA,23324,22534,790
2021-01-01,THA,27961,27440,521
2021-02-01,THA,25581,25099,482
2021-03-01,THA,30565,30005,560
2021-04-01,THA,26270,25847,423
2021-05-01,THA,27298,26894,404
2021-06-01,THA,24622,24420,202
2021-07-01,THA,24628,24432,196
2021-08-01,THA,24054,23898,156
2021-09-01,THA,26849,26664,185
2021-10-01,THA,27544,27303,241
2021-11-01,THA,25951,25671,280
2021-12-01,THA,28042,27432,610
2022-01-01,THA,28647,27758,889
2022-02-01,THA,26276,25681,595
2022-03-01,THA,31127,30380,747
2022-04-01,THA,33669,28739,4930
2022-05-01,THA,64707,42853,21854
2022-06-01,THA,97628,58683,38945
2022-07-01,THA,129092,72851,56241
2022-08-01,THA,152050,88079,63971
2022-09-01,THA,136382,75636,60746
2022-10-01,THA,185888,99812,86076
2022-11-01,THA,168282,95582,72700
2022-12-01,THA,159886,87604,72282
2023-01-01,THA,190763,106008,84755
2023-02-01,THA,189555,105806,83749
2023-03-01,THA,237093,129492,107601
2023-04-01,THA,195057,101191,93866
2023-05-01,THA,215198,116336,98862
2023-06-01,THA,154219,83050,71169
2023-07-01,THA,210796,114233,96563
2023-08-01,THA,171417,92653,78764
2023-09-01,THA,184150,102283,81867
2023-10-01,THA,227509,120418,107091
2023-11-01,THA,190980,104631,86349
2023-12-01,THA,195485,104204,91281
2024-01-01,THA,210911,116279,94632
2024-02-01,THA,202799,107427,95372
2024-03-01,THA,225012,118422,106590
2024-04-01,THA,193811,97885,95926
2024-05-01,THA,203332,104998,98334
2024-06-01,THA,178996,90817,88179
2020-01-01,TJK,150,102,48
2020-02-01,TJK,112,88,24
2020-03-01,TJK,57,44,13
2020-04-01,TJK,0,0,0
2020-05-01,TJK,0,0,0
2020-06-01,TJK,1,1,0
2020-07-01,TJK,0,0,0
2020-08-01,TJK,1,0,1
2020-09-01,TJK,0,0,0
2020-10-01,TJK,1,0,1
2020-11-01,TJK,2,2,0
2020-12-01,TJK,2,2,0
2021-01-01,TJK,0,0,0
2021-02-01,TJK,5,3,2
2021-03-01,TJK,1,1,0
2021-04-01,TJK,3,3,0
2021-05-01,TJK,0,0,0
2021-06-01,TJK,2,2,0
2021-07-01,TJK,9,5,4
2021-08-01,TJK,2,2,0
2021-09-01,TJK,1,0,1
2021-10-01,TJK,2,2,0
2021-11-01,TJK,5,3,2
2021-12-01,TJK,8,4,4
2022-01-01,TJK,6,5,1
2022-02-01,TJK,4,2,2
2022-03-01,TJK,3,2,1
2022-04-01,TJK,14,9,5
2022-05-01,TJK,29,12,17
2022-06-01,TJK,40,30,10
2022-07-01,TJK,79,48,31
2022-08-01,TJK,80,52,28
2022-09-01,TJK,156,120,36
2022-10-01,TJK,120,97,23
2022-11-01,TJK,105,74,31
2022-12-01,TJK,100,67,33
2023-01-01,TJK,101,68,33
2023-02-01,TJK,94,55,39
2023-03-01,TJK,106,66,40
2023-04-01,TJK,42,33,9
2023-05-01,TJK,94,67,27
2023-06-01,TJK,89,63,26
2023-07-01,TJK,139,94,45
2023-08-01,TJK,127,97,30
2023-09-01,TJK,111,69,42
2023-10-01,TJK,164,126,38
2023-11-01,TJK,148,108,40
2023-12-01,TJK,213,153,60
2024-01-01,TJK,211,140,71
2024-02-01,TJK,230,156,74
2024-03-01,TJK,108,64,44
2024-04-01,TJK,117,77,40
2024-05-01,TJK,150,117,33
2024-06-01,TJK,201,139,62
2020-01-01,TKL,2,2,0
2020-02-01,TKL,0,0,0
2020-03-01,TKL,0,0,0
2020-04-01,TKL,0,0,0
2020-05-01,TKL,0,0,0
2020-06-01,TKL,0,0,0
2020-07-01,TKL,0,0,0
2020-08-01,TKL,0,0,0
2020-09-01,TKL,0,0,0
2020-10-01,TKL,0,0,0
2020-11-01,TKL,0,0,0
2020-12-01,TKL,0,0,0
2021-01-01,TKL,0,0,0
2021-02-01,TKL,0,0,0
2021-03-01,TKL,0,0,0
2021-04-01,TKL,0,0,0
2021-05-01,TKL,0,0,0
2021-06-01,TKL,0,0,0
2021-07-01,TKL,0,0,0
2021-08-01,TKL,0,0,0
2021-09-01,TKL,0,0,0
2021-10-01,TKL,0,0,0
2021-11-01,TKL,0,0,0
2021-12-01,TKL,0,0,0
2022-01-01,TKL,0,0,0
2022-02-01,TKL,0,0,0
2022-03-01,TKL,0,0,0
2022-04-01,TKL,0,0,0
2022-05-01,TKL,0,0,0
2022-06-01,TKL,0,0,0
2022-07-01,TKL,0,0,0
2022-08-01,TKL,0,0,0
2022-09-01,TKL,0,0,0
2022-10-01,TKL,0,0,0
2022-11-01,TKL,0,0,0
2022-12-01,TKL,0,0,0
2023-01-01,TKL,0,0,0
2023-02-01,TKL,0,0,0
2023-03-01,TKL,0,0,0
2023-04-01,TKL,0,0,0
2023-05-01,TKL,0,0,0
2023-06-01,TKL,0,0,0
2023-07-01,TKL,0,0,0
2023-08-01,TKL,0,0,0
2023-09-01,TKL,0,0,0
2023-10-01,TKL,0,0,0
2023-11-01,TKL,0,0,0
2023-12-01,TKL,0,0,0
2024-01-01,TKL,0,0,0
2024-02-01,TKL,0,0,0
2024-03-01,TKL,0,0,0
2024-04-01,TKL,0,0,0
2024-05-01,TKL,0,0,0
2024-06-01,TKL,0,0,0
2020-01-01,TKM,234,132,102
2020-02-01,TKM,94,63,31
2020-03-01,TKM,31,19,12
2020-04-01,TKM,0,0,0
2020-05-01,TKM,0,0,0
2020-06-01,TKM,0,0,0
2020-07-01,TKM,0,0,0
2020-08-01,TKM,0,0,0
2020-09-01,TKM,2,1,1
2020-10-01,TKM,0,0,0
2020-11-01,TKM,0,0,0
2020-12-01,TKM,0,0,0
2021-01-01,TKM,0,0,0
2021-02-01,TKM,2,1,1
2021-03-01,TKM,0,0,0
2021-04-01,TKM,1,0,1
2021-05-01,TKM,0,0,0
2021-06-01,TKM,3,3,0
2021-07-01,TKM,1,1,0
2021-08-01,TKM,2,1,1
2021-09-01,TKM,1,0,1
2021-10-01,TKM,3,0,3
2021-11-01,TKM,7,3,4
2021-12-01,TKM,9,6,3
2022-01-01,TKM,10,4,6
2022-02-01,TKM,6,2,4
2022-03-01,TKM,10,5,5
2022-04-01,TKM,19,9,10
2022-05-01,TKM,38,24,14
2022-06-01,TKM,49,40,9
2022-07-01,TKM,72,38,34
2022-08-01,TKM,78,42,36
2022-09-01,TKM,63,35,28
2022-10-01,TKM,57,33,24
2022-11-01,TKM,50,26,24
2022-12-01,TKM,57,39,18
2023-01-01,TKM,113,60,53
2023-02-01,TKM,54,33,21
2023-03-01,TKM,113,81,32
2023-04-01,TKM,51,30,21
2023-05-01,TKM,102,63,39
2023-06-01,TKM,98,64,34
2023-07-01,TKM,149,88,61
2023-08-01,TKM,211,116,95
2023-09-01,TKM,130,77,53
2023-10-01,TKM,123,85,38
2023-11-01,TKM,101,56,45
2023-12-01,TKM,123,86,37
2024-01-01,TKM,185,104,81
2024-02-01,TKM,548,328,220
2024-03-01,TKM,1105,462,643
2024-04-01,TKM,340,181,159
2024-05-01,TKM,346,212,134
2024-06-01,TKM,584,321,263
2020-01-01,TLS,121,61,60
2020-02-01,TLS,91,60,31
2020-03-01,TLS,28,15,13
2020-04-01,TLS,0,0,0
2020-05-01,TLS,1,1,0
2020-06-01,TLS,0,0,0
2020-07-01,TLS,5,1,4
2020-08-01,TLS,2,1,1
2020-09-01,TLS,6,3,3
2020-10-01,TLS,0,0,0
2020-11-01,TLS,1,0,1
2020-12-01,TLS,3,2,1
2021-01-01,TLS,0,0,0
2021-02-01,TLS,1,1,0
2021-03-01,TLS,1,0,1
2021-04-01,TLS,2,1,1
2021-05-01,TLS,1,1,0
2021-06-01,TLS,2,0,2
2021-07-01,TLS,4,3,1
2021-08-01,TLS,1,0,1
2021-09-01,TLS,0,0,0
2021-10-01,TLS,3,3,0
2021-11-01,TLS,3,1,2
2021-12-01,TLS,7,2,5
2022-01-01,TLS,13,7,6
2022-02-01,TLS,8,6,2
2022-03-01,TLS,23,10,13
2022-04-01,TLS,100,73,27
2022-05-01,TLS,178,124,54
2022-06-01,TLS,241,156,85
2022-07-01,TLS,478,331,147
2022-08-01,TLS,394,270,124
2022-09-01,TLS,227,147,80
2022-10-01,TLS,254,167,87
2022-11-01,TLS,154,91,63
2022-12-01,TLS,240,122,118
2023-01-01,TLS,186,100,86
2023-02-01,TLS,103,45,58
2023-03-01,TLS,203,121,82
2023-04-01,TLS,167,83,84
2023-05-01,TLS,216,123,93
2023-06-01,TLS,152,93,59
2023-07-01,TLS,278,161,117
2023-08-01,TLS,291,162,129
2023-09-01,TLS,260,148,112
2023-10-01,TLS,206,125,81
2023-11-01,TLS,233,146,87
2023-12-01,TLS,322,175,147
2024-01-01,TLS,276,131,145
2024-02-01,TLS,205,119,86
2024-03-01,TLS,306,154,152
2024-04-01,TLS,195,113,82
2024-05-01,TLS,227,117,110
2024-06-01,TLS,326,181,145
2020-01-01,TON,13,8,5
2020-02-01,TON,8,6,2
2020-03-01,TON,2,1,1
2020-04-01,TON,0,0,0
2020-05-01,TON,0,0,0
2020-06-01,TON,0,0,0
2020-07-01,TON,0,0,0
2020-08-01,TON,0,0,0
2020-09-01,TON,0,0,0
2020-10-01,TON,0,0,0
2020-11-01,TON,0,0,0
2020-12-01,TON,0,0,0
2021-01-01,TON,0,0,0
2021-02-01,TON,0,0,0
2021-03-01,TON,0,0,0
2021-04-01,TON,0,0,0
2021-05-01,TON,0,0,0
2021-06-01,TON,0,0,0
2021-07-01,TON,0,0,0
2021-08-01,TON,0,0,0
2021-09-01,TON,0,0,0
2021-10-01,TON,0,0,0
2021-11-01,TON,0,0,0
2021-12-01,TON,0,0,0
2022-01-01,TON,0,0,0
2022-02-01,TON,0,0,0
2022-03-01,TON,1,1,0
2022-04-01,TON,13,6,7
2022-05-01,TON,3,1,2
2022-06-01,TON,0,0,0
2022-07-01,TON,9,2,7
2022-08-01,TON,6,1,5
2022-09-01,TON,14,8,6
2022-10-01,TON,14,7,7
2022-11-01,TON,11,5,6
2022-12-01,TON,7,6,1
2023-01-01,TON,14,9,5
2023-02-01,TON,10,7,3
2023-03-01,TON,11,4,7
2023-04-01,TON,14,7,7
2023-05-01,TON,8,3,5
2023-06-01,TON,6,2,4
2023-07-01,TON,10,7,3
2023-08-01,TON,12,3,9
2023-09-01,TON,19,7,12
2023-10-01,TON,37,9,28
2023-11-01,TON,29,16,13
2023-12-01,TON,19,9,10
2024-01-01,TON,41,22,19
2024-02-01,TON,21,16,5
2024-03-01,TON,14,6,8
2024-04-01,TON,25,9,16
2024-05-01,TON,16,9,7
2024-06-01,TON,17,9,8
2020-01-01,TTO,52,33,19
2020-02-01,TTO,42,31,11
2020-03-01,TTO,20,15,5
2020-04-01,TTO,0,0,0
2020-05-01,TTO,0,0,0
2020-06-01,TTO,0,0,0
2020-07-01,TTO,0,0,0
2020-08-01,TTO,0,0,0
2020-09-01,TTO,0,0,0
2020-10-01,TTO,0,0,0
2020-11-01,TTO,1,1,0
2020-12-01,TTO,0,0,0
2021-01-01,TTO,3,1,2
2021-02-01,TTO,1,1,0
2021-03-01,TTO,0,0,0
2021-04-01,TTO,1,0,1
2021-05-01,TTO,1,1,0
2021-06-01,TTO,1,0,1
2021-07-01,TTO,2,0,2
2021-08-01,TTO,0,0,0
2021-09-01,TTO,1,1,0
2021-10-01,TTO,1,1,0
2021-11-01,TTO,3,2,1
2021-12-01,TTO,0,0,0
2022-01-01,TTO,7,5,2
2022-02-01,TTO,1,1,0
2022-03-01,TTO,5,4,1
2022-04-01,TTO,16,11,5
2022-05-01,TTO,11,6,5
2022-06-01,TTO,7,5,2
2022-07-01,TTO,21,9,12
2022-08-01,TTO,45,29,16
2022-09-01,TTO,16,9,7
2022-10-01,TTO,47,36,11
2022-11-01,TTO,43,23,20
2022-12-01,TTO,33,20,13
2023-01-01,TTO,26,14,12
2023-02-01,TTO,17,9,8
2023-03-01,TTO,33,25,8
2023-04-01,TTO,41,23,18
2023-05-01,TTO,56,31,25
2023-06-01,TTO,33,21,12
2023-07-01,TTO,76,38,38
2023-08-01,TTO,60,31,29
2023-09-01,TTO,54,31,23
2023-10-01,TTO,50,26,24
2023-11-01,TTO,46,25,21
2023-12-01,TTO,39,20,19
2024-01-01,TTO,33,18,15
2024-02-01,TTO,54,30,24
2024-03-01,TTO,38,20,18
2024-04-01,TTO,37,18,19
2024-05-01,TTO,45,22,23
2024-06-01,TTO,39,21,18
2020-01-01,TUN,404,220,184
2020-02-01,TUN,320,186,134
2020-03-01,TUN,137,74,63
2020-04-01,TUN,0,0,0
2020-05-01,TUN,0,0,0
2020-06-01,TUN,0,0,0
2020-07-01,TUN,2,0,2
2020-08-01,TUN,5,4,1
2020-09-01,TUN,6,2,4
2020-10-01,TUN,7,3,4
2020-11-01,TUN,2,2,0
2020-12-01,TUN,1,1,0
2021-01-01,TUN,4,2,2
2021-02-01,TUN,3,2,1
2021-03-01,TUN,9,2,7
2021-04-01,TUN,6,3,3
2021-05-01,TUN,9,7,2
2021-06-01,TUN,1,1,0
2021-07-01,TUN,1,1,0
2021-08-01,TUN,2,1,1
2021-09-01,TUN,10,3,7
2021-10-01,TUN,10,6,4
2021-11-01,TUN,12,6,6
2021-12-01,TUN,11,5,6
2022-01-01,TUN,24,15,9
2022-02-01,TUN,19,13,6
2022-03-01,TUN,20,6,14
2022-04-01,TUN,77,48,29
2022-05-01,TUN,151,88,63
2022-06-01,TUN,209,102,107
2022-07-01,TUN,316,154,162
2022-08-01,TUN,701,312,389
2022-09-01,TUN,545,286,259
2022-10-01,TUN,462,277,185
2022-11-01,TUN,342,185,157
2022-12-01,TUN,326,170,156
2023-01-01,TUN,620,292,328
2023-02-01,TUN,291,178,113
2023-03-01,TUN,364,214,150
2023-04-01,TUN,231,127,104
2023-05-01,TUN,679,364,315
2023-06-01,TUN,362,178,184
2023-07-01,TUN,1094,527,567
2023-08-01,TUN,2273,1032,1241
2023-09-01,TUN,1765,857,908
2023-10-01,TUN,953,488,465
2023-11-01,TUN,688,383,305
2023-12-01,TUN,873,449,424
2024-01-01,TUN,860,482,378
2024-02-01,TUN,761,405,356
2024-03-01,TUN,373,224,149
2024-04-01,TUN,684,354,330
2024-05-01,TUN,858,457,401
2024-06-01,TUN,509,262,247
2020-01-01,TUR,1821,1203,618
2020-02-01,TUR,1306,939,367
2020-03-01,TUR,491,390,101
2020-04-01,TUR,1,1,0
2020-05-01,TUR,11,9,2
2020-06-01,TUR,8,5,3
2020-07-01,TUR,57,35,22
2020-08-01,TUR,27,16,11
2020-09-01,TUR,15,8,7
2020-10-01,TUR,20,18,2
2020-11-01,TUR,16,14,2
2020-12-01,TUR,5,4,1
2021-01-01,TUR,18,15,3
2021-02-01,TUR,46,41,5
2021-03-01,TUR,30,25,5
2021-04-01,TUR,28,23,5
2021-05-01,TUR,15,13,2
2021-06-01,TUR,26,22,4
2021-07-01,TUR,34,23,11
2021-08-01,TUR,66,45,21
2021-09-01,TUR,54,40,14
2021-10-01,TUR,85,54,31
2021-11-01,TUR,54,42,12
2021-12-01,TUR,93,74,19
2022-01-01,TUR,140,101,39
2022-02-01,TUR,87,75,12
2022-03-01,TUR,278,218,60
2022-04-01,TUR,457,347,110
2022-05-01,TUR,764,553,211
2022-06-01,TUR,685,493,192
2022-07-01,TUR,988,620,368
2022-08-01,TUR,1085,780,305
2022-09-01,TUR,967,689,278
2022-10-01,TUR,1346,937,409
2022-11-01,TUR,1224,885,339
2022-12-01,TUR,1196,820,376
2023-01-01,TUR,1365,924,441
2023-02-01,TUR,1252,875,377
2023-03-01,TUR,1689,1219,470
2023-04-01,TUR,1508,1018,490
2023-05-01,TUR,1695,1229,466
2023-06-01,TUR,1599,1108,491
2023-07-01,TUR,1865,1235,630
2023-08-01,TUR,2020,1392,628
2023-09-01,TUR,2589,1581,1008
2023-10-01,TUR,2066,1521,545
2023-11-01,TUR,1978,1424,554
2023-12-01,TUR,2049,1394,655
2024-01-01,TUR,2528,1639,889
2024-02-01,TUR,2559,1755,804
2024-03-01,TUR,2269,1653,616
2024-04-01,TUR,2568,1635,933
2024-05-01,TUR,2234,1627,607
2024-06-01,TUR,3037,1846,1191
2020-01-01,TUV,0,0,0
2020-02-01,TUV,0,0,0
2020-03-01,TUV,0,0,0
2020-04-01,TUV,0,0,0
2020-05-01,TUV,0,0,0
2020-06-01,TUV,0,0,0
2020-07-01,TUV,0,0,0
2020-08-01,TUV,0,0,0
2020-09-01,TUV,0,0,0
2020-10-01,TUV,0,0,0
2020-11-01,TUV,0,0,0
2020-12-01,TUV,0,0,0
2021-01-01,TUV,0,0,0
2021-02-01,TUV,0,0,0
2021-03-01,TUV,0,0,0
2021-04-01,TUV,0,0,0
2021-05-01,TUV,0,0,0
2021-06-01,TUV,0,0,0
2021-07-01,TUV,0,0,0
2021-08-01,TUV,0,0,0
2021-09-01,TUV,0,0,0
2021-10-01,TUV,0,0,0
2021-11-01,TUV,0,0,0
2021-12-01,TUV,0,0,0
2022-01-01,TUV,0,0,0
2022-02-01,TUV,0,0,0
2022-03-01,TUV,0,0,0
2022-04-01,TUV,0,0,0
2022-05-01,TUV,0,0,0
2022-06-01,TUV,0,0,0
2022-07-01,TUV,0,0,0
2022-08-01,TUV,1,0,1
2022-09-01,TUV,0,0,0
2022-10-01,TUV,0,0,0
2022-11-01,TUV,0,0,0
2022-12-01,TUV,0,0,0
2023-01-01,TUV,0,0,0
2023-02-01,TUV,0,0,0
2023-03-01,TUV,0,0,0
2023-04-01,TUV,0,0,0
2023-05-01,TUV,1,1,0
2023-06-01,TUV,0,0,0
2023-07-01,TUV,0,0,0
2023-08-01,TUV,0,0,0
2023-09-01,TUV,2,1,1
2023-10-01,TUV,0,0,0
2023-11-01,TUV,1,1,0
2023-12-01,TUV,0,0,0
2024-01-01,TUV,1,1,0
2024-02-01,TUV,0,0,0
2024-03-01,TUV,2,1,1
2024-04-01,TUV,1,1,0
2024-05-01,TUV,4,1,3
2024-06-01,TUV,1,0,1
2020-01-01,TWN,39631,18501,21130
2020-02-01,TWN,22342,10949,11393
2020-03-01,TWN,4291,2344,1947
2020-04-01,TWN,3,3,0
2020-05-01,TWN,2,0,2
2020-06-01,TWN,12,7,5
2020-07-01,TWN,71,47,24
2020-08-01,TWN,76,46,30
2020-09-01,TWN,102,67,35
2020-10-01,TWN,142,99,43
2020-11-01,TWN,103,80,23
2020-12-01,TWN,85,60,25
2021-01-01,TWN,90,52,38
2021-02-01,TWN,86,63,23
2021-03-01,TWN,122,78,44
2021-04-01,TWN,108,79,29
2021-05-01,TWN,77,56,21
2021-06-01,TWN,46,29,17
2021-07-01,TWN,62,33,29
2021-08-01,TWN,82,61,21
2021-09-01,TWN,53,37,16
2021-10-01,TWN,84,52,32
2021-11-01,TWN,123,74,49
2021-12-01,TWN,228,139,89
2022-01-01,TWN,238,134,104
2022-02-01,TWN,341,218,123
2022-03-01,TWN,275,173,102
2022-04-01,TWN,1870,986,884
2022-05-01,TWN,3080,1492,1588
2022-06-01,TWN,3799,1805,1994
2022-07-01,TWN,5364,2649,2715
2022-08-01,TWN,6622,3387,3235
2022-09-01,TWN,8919,4169,4750
2022-10-01,TWN,8672,4398,4274
2022-11-01,TWN,9151,4792,4359
2022-12-01,TWN,10586,5354,5232
2023-01-01,TWN,23038,10886,12152
2023-02-01,TWN,16675,8259,8416
2023-03-01,TWN,18825,9165,9660
2023-04-01,TWN,22879,10757,12122
2023-05-01,TWN,23823,11480,12343
2023-06-01,TWN,27900,12736,15164
2023-07-01,TWN,39093,18190,20903
2023-08-01,TWN,35827,17068,18759
2023-09-01,TWN,28336,13381,14955
2023-10-01,TWN,29620,13500,16120
2023-11-01,TWN,26972,12245,14727
2023-12-01,TWN,21112,10117,10995
2024-01-01,TWN,33546,15293,18253
2024-02-01,TWN,35068,16467,18601
2024-03-01,TWN,31141,14157,16984
2024-04-01,TWN,28722,13235,15487
2024-05-01,TWN,29118,13670,15448
2024-06-01,TWN,40469,18740,21729
2020-01-01,TZA,322,174,148
2020-02-01,TZA,193,105,88
2020-03-01,TZA,83,40,43
2020-04-01,TZA,0,0,0
2020-05-01,TZA,0,0,0
2020-06-01,TZA,0,0,0
2020-07-01,TZA,0,0,0
2020-08-01,TZA,1,1,0
2020-09-01,TZA,7,3,4
2020-10-01,TZA,2,1,1
2020-11-01,TZA,3,2,1
2020-12-01,TZA,4,1,3
2021-01-01,TZA,7,2,5
2021-02-01,TZA,3,2,1
2021-03-01,TZA,38,20,18
2021-04-01,TZA,32,14,18
2021-05-01,TZA,16,8,8
2021-06-01,TZA,6,5,1
2021-07-01,TZA,7,4,3
2021-08-01,TZA,16,14,2
2021-09-01,TZA,16,11,5
2021-10-01,TZA,11,2,9
2021-11-01,TZA,26,20,6
2021-12-01,TZA,36,14,22
2022-01-01,TZA,41,20,21
2022-02-01,TZA,22,13,9
2022-03-01,TZA,43,26,17
2022-04-01,TZA,46,22,24
2022-05-01,TZA,74,34,40
2022-06-01,TZA,75,34,41
2022-07-01,TZA,78,32,46
2022-08-01,TZA,86,45,41
2022-09-01,TZA,150,87,63
2022-10-01,TZA,190,113,77
2022-11-01,TZA,150,68,82
2022-12-01,TZA,202,94,108
2023-01-01,TZA,140,68,72
2023-02-01,TZA,122,67,55
2023-03-01,TZA,130,69,61
2023-04-01,TZA,107,51,56
2023-05-01,TZA,162,82,80
2023-06-01,TZA,161,85,76
2023-07-01,TZA,255,132,123
2023-08-01,TZA,248,135,113
2023-09-01,TZA,317,189,128
2023-10-01,TZA,286,133,153
2023-11-01,TZA,286,164,122
2023-12-01,TZA,434,211,223
2024-01-01,TZA,285,130,155
2024-02-01,TZA,237,118,119
2024-03-01,TZA,201,110,91
2024-04-01,TZA,165,91,74
2024-05-01,TZA,185,88,97
2024-06-01,TZA,266,133,133
2020-01-01,UGA,187,80,107
2020-02-01,UGA,94,47,47
2020-03-01,UGA,56,31,25
2020-04-01,UGA,0,0,0
2020-05-01,UGA,0,0,0
2020-06-01,UGA,0,0,0
2020-07-01,UGA,0,0,0
2020-08-01,UGA,0,0,0
2020-09-01,UGA,0,0,0
2020-10-01,UGA,0,0,0
2020-11-01,UGA,1,1,0
2020-12-01,UGA,1,1,0
2021-01-01,UGA,3,3,0
2021-02-01,UGA,1,0,1
2021-03-01,UGA,5,3,2
2021-04-01,UGA,9,3,6
2021-05-01,UGA,4,1,3
2021-06-01,UGA,5,0,5
2021-07-01,UGA,1,1,0
2021-08-01,UGA,2,1,1
2021-09-01,UGA,7,2,5
2021-10-01,UGA,5,4,1
2021-11-01,UGA,3,3,0
2021-12-01,UGA,15,10,5
2022-01-01,UGA,17,7,10
2022-02-01,UGA,12,7,5
2022-03-01,UGA,20,17,3
2022-04-01,UGA,24,14,10
2022-05-01,UGA,50,23,27
2022-06-01,UGA,41,21,20
2022-07-01,UGA,52,21,31
2022-08-01,UGA,62,31,31
2022-09-01,UGA,66,34,32
2022-10-01,UGA,107,55,52
2022-11-01,UGA,96,58,38
2022-12-01,UGA,137,64,73
2023-01-01,UGA,99,43,56
2023-02-01,UGA,82,43,39
2023-03-01,UGA,86,41,45
2023-04-01,UGA,90,32,58
2023-05-01,UGA,124,67,57
2023-06-01,UGA,127,62,65
2023-07-01,UGA,151,77,74
2023-08-01,UGA,138,54,84
2023-09-01,UGA,175,73,102
2023-10-01,UGA,184,90,94
2023-11-01,UGA,149,60,89
2023-12-01,UGA,237,117,120
2024-01-01,UGA,227,113,114
2024-02-01,UGA,126,51,75
2024-03-01,UGA,179,87,92
2024-04-01,UGA,123,50,73
2024-05-01,UGA,701,277,424
2024-06-01,UGA,174,69,105
2020-01-01,UKR,2951,1430,1521
2020-02-01,UKR,2771,1389,1382
2020-03-01,UKR,1269,663,606
2020-04-01,UKR,0,0,0
2020-05-01,UKR,12,12,0
2020-06-01,UKR,12,11,1
2020-07-01,UKR,204,204,0
2020-08-01,UKR,102,101,1
2020-09-01,UKR,143,141,2
2020-10-01,UKR,67,64,3
2020-11-01,UKR,47,47,0
2020-12-01,UKR,75,74,1
2021-01-01,UKR,93,84,9
2021-02-01,UKR,83,80,3
2021-03-01,UKR,71,68,3
2021-04-01,UKR,71,70,1
2021-05-01,UKR,63,59,4
2021-06-01,UKR,50,49,1
2021-07-01,UKR,32,29,3
2021-08-01,UKR,100,95,5
2021-09-01,UKR,51,47,4
2021-10-01,UKR,46,34,12
2021-11-01,UKR,47,39,8
2021-12-01,UKR,93,89,4
2022-01-01,UKR,103,82,21
2022-02-01,UKR,77,69,8
2022-03-01,UKR,52,32,20
2022-04-01,UKR,206,97,109
2022-05-01,UKR,325,161,164
2022-06-01,UKR,374,204,170
2022-07-01,UKR,480,248,232
2022-08-01,UKR,573,308,265
2022-09-01,UKR,632,336,296
2022-10-01,UKR,748,395,353
2022-11-01,UKR,915,456,459
2022-12-01,UKR,947,467,480
2023-01-01,UKR,1208,569,639
2023-02-01,UKR,1261,594,667
2023-03-01,UKR,1418,663,755
2023-04-01,UKR,1307,568,739
2023-05-01,UKR,1085,513,572
2023-06-01,UKR,713,392,321
2023-07-01,UKR,1016,539,477
2023-08-01,UKR,1128,565,563
2023-09-01,UKR,1027,537,490
2023-10-01,UKR,1063,515,548
2023-11-01,UKR,1108,550,558
2023-12-01,UKR,1395,666,729
2024-01-01,UKR,1782,805,977
2024-02-01,UKR,1730,741,989
2024-03-01,UKR,1801,799,1002
2024-04-01,UKR,1377,673,704
2024-05-01,UKR,1306,629,677
2024-06-01,UKR,1104,543,561
2020-01-01,URY,95,46,49
2020-02-01,URY,78,34,44
2020-03-01,URY,306,133,173
2020-04-01,URY,0,0,0
2020-05-01,URY,0,0,0
2020-06-01,URY,0,0,0
2020-07-01,URY,0,0,0
2020-08-01,URY,0,0,0
2020-09-01,URY,0,0,0
2020-10-01,URY,0,0,0
2020-11-01,URY,1,1,0
2020-12-01,URY,0,0,0
2021-01-01,URY,0,0,0
2021-02-01,URY,0,0,0
2021-03-01,URY,0,0,0
2021-04-01,URY,0,0,0
2021-05-01,URY,0,0,0
2021-06-01,URY,0,0,0
2021-07-01,URY,0,0,0
2021-08-01,URY,0,0,0
2021-09-01,URY,1,0,1
2021-10-01,URY,2,0,2
2021-11-01,URY,0,0,0
2021-12-01,URY,6,3,3
2022-01-01,URY,0,0,0
2022-02-01,URY,1,0,1
2022-03-01,URY,1,1,0
2022-04-01,URY,18,8,10
2022-05-01,URY,12,6,6
2022-06-01,URY,21,11,10
2022-07-01,URY,33,20,13
2022-08-01,URY,17,8,9
2022-09-01,URY,20,10,10
2022-10-01,URY,60,24,36
2022-11-01,URY,50,20,30
2022-12-01,URY,49,26,23
2023-01-01,URY,69,34,35
2023-02-01,URY,188,83,105
2023-03-01,URY,193,74,119
2023-04-01,URY,205,89,116
2023-05-01,URY,290,149,141
2023-06-01,URY,46,23,23
2023-07-01,URY,49,24,25
2023-08-01,URY,84,53,31
2023-09-01,URY,41,22,19
2023-10-01,URY,70,41,29
2023-11-01,URY,82,34,48
2023-12-01,URY,51,28,23
2024-01-01,URY,82,35,47
2024-02-01,URY,59,33,26
2024-03-01,URY,171,85,86
2024-04-01,URY,178,65,113
2024-05-01,URY,69,29,40
2024-06-01,URY,71,32,39
2020-01-01,USA,29180,16770,12410
2020-02-01,USA,17482,10503,6979
2020-03-01,USA,6841,4312,2529
2020-04-01,USA,16,13,3
2020-05-01,USA,23,19,4
2020-06-01,USA,50,39,11
2020-07-01,USA,195,136,59
2020-08-01,USA,139,87,52
2020-09-01,USA,181,106,75
2020-10-01,USA,111,85,26
2020-11-01,USA,116,85,31
2020-12-01,USA,122,80,42
2021-01-01,USA,188,140,48
2021-02-01,USA,121,83,38
2021-03-01,USA,156,114,42
2021-04-01,USA,170,120,50
2021-05-01,USA,159,108,51
2021-06-01,USA,159,101,58
2021-07-01,USA,461,234,227
2021-08-01,USA,273,164,109
2021-09-01,USA,238,150,88
2021-10-01,USA,264,192,72
2021-11-01,USA,335,229,106
2021-12-01,USA,741,474,267
2022-01-01,USA,1096,665,431
2022-02-01,USA,692,458,234
2022-03-01,USA,927,633,294
2022-04-01,USA,5049,3249,1800
2022-05-01,USA,8700,5486,3214
2022-06-01,USA,12643,7562,5081
2022-07-01,USA,16053,9335,6718
2022-08-01,USA,14341,8807,5534
2022-09-01,USA,13778,8581,5197
2022-10-01,USA,16881,10346,6535
2022-11-01,USA,17239,10349,6890
2022-12-01,USA,19137,11096,8041
2023-01-01,USA,20483,11858,8625
2023-02-01,USA,18243,11006,7237
2023-03-01,USA,21570,12622,8948
2023-04-01,USA,18592,10862,7730
2023-05-01,USA,19788,11797,7991
2023-06-01,USA,20440,11820,8620
2023-07-01,USA,28263,15865,12398
2023-08-01,USA,22168,13162,9006
2023-09-01,USA,21031,12539,8492
2023-10-01,USA,21696,12725,8971
2023-11-01,USA,23396,13724,9672
2023-12-01,USA,31670,17281,14389
2024-01-01,USA,26014,14945,11069
2024-02-01,USA,25710,14851,10859
2024-03-01,USA,29005,16419,12586
2024-04-01,USA,23304,13287,10017
2024-05-01,USA,23267,13631,9636
2024-06-01,USA,28746,16234,12512
2020-01-01,UZB,2306,1357,949
2020-02-01,UZB,1287,784,503
2020-03-01,UZB,506,304,202
2020-04-01,UZB,0,0,0
2020-05-01,UZB,0,0,0
2020-06-01,UZB,0,0,0
2020-07-01,UZB,1,0,1
2020-08-01,UZB,3,3,0
2020-09-01,UZB,9,4,5
2020-10-01,UZB,5,4,1
2020-11-01,UZB,1,0,1
2020-12-01,UZB,4,2,2
2021-01-01,UZB,14,7,7
2021-02-01,UZB,10,5,5
2021-03-01,UZB,14,11,3
2021-04-01,UZB,13,12,1
2021-05-01,UZB,15,14,1
2021-06-01,UZB,8,3,5
2021-07-01,UZB,4,3,1
2021-08-01,UZB,9,5,4
2021-09-01,UZB,12,8,4
2021-10-01,UZB,36,26,10
2021-11-01,UZB,17,11,6
2021-12-01,UZB,45,30,15
2022-01-01,UZB,45,27,18
2022-02-01,UZB,39,26,13
2022-03-01,UZB,24,20,4
2022-04-01,UZB,111,56,55
2022-05-01,UZB,160,95,65
2022-06-01,UZB,242,106,136
2022-07-01,UZB,609,324,285
2022-08-01,UZB,853,501,352
2022-09-01,UZB,809,510,299
2022-10-01,UZB,620,384,236
2022-11-01,UZB,1102,726,376
2022-12-01,UZB,1660,981,679
2023-01-01,UZB,2086,1317,769
2023-02-01,UZB,1450,864,586
2023-03-01,UZB,1486,916,570
2023-04-01,UZB,782,473,309
2023-05-01,UZB,959,610,349
2023-06-01,UZB,958,574,384
2023-07-01,UZB,1683,1010,673
2023-08-01,UZB,1401,844,557
2023-09-01,UZB,1085,635,450
2023-10-01,UZB,990,608,382
2023-11-01,UZB,1379,852,527
2023-12-01,UZB,1868,1099,769
2024-01-01,UZB,3282,2065,1217
2024-02-01,UZB,2160,1382,778
2024-03-01,UZB,1231,703,528
2024-04-01,UZB,1105,707,398
2024-05-01,UZB,1036,663,373
2024-06-01,UZB,1319,742,577
2020-01-01,VAT,3,3,0
2020-02-01,VAT,2,2,0
2020-03-01,VAT,0,0,0
2020-04-01,VAT,0,0,0
2020-05-01,VAT,0,0,0
2020-06-01,VAT,0,0,0
2020-07-01,VAT,0,0,0
2020-08-01,VAT,0,0,0
2020-09-01,VAT,1,1,0
2020-10-01,VAT,0,0,0
2020-11-01,VAT,0,0,0
2020-12-01,VAT,0,0,0
2021-01-01,VAT,1,1,0
2021-02-01,VAT,0,0,0
2021-03-01,VAT,1,1,0
2021-04-01,VAT,0,0,0
2021-05-01,VAT,0,0,0
2021-06-01,VAT,1,1,0
2021-07-01,VAT,1,1,0
2021-08-01,VAT,0,0,0
2021-09-01,VAT,0,0,0
2021-10-01,VAT,0,0,0
2021-11-01,VAT,0,0,0
2021-12-01,VAT,1,1,0
2022-01-01,VAT,0,0,0
2022-02-01,VAT,1,1,0
2022-03-01,VAT,0,0,0
2022-04-01,VAT,0,0,0
2022-05-01,VAT,1,0,1
2022-06-01,VAT,1,1,0
2022-07-01,VAT,1,1,0
2022-08-01,VAT,0,0,0
2022-09-01,VAT,2,2,0
2022-10-01,VAT,0,0,0
2022-11-01,VAT,2,2,0
2022-12-01,VAT,2,2,0
2023-01-01,VAT,0,0,0
2023-02-01,VAT,1,1,0
2023-03-01,VAT,0,0,0
2023-04-01,VAT,0,0,0
2023-05-01,VAT,1,1,0
2023-06-01,VAT,0,0,0
2023-07-01,VAT,0,0,0
2023-08-01,VAT,0,0,0
2023-09-01,VAT,1,1,0
2023-10-01,VAT,0,0,0
2023-11-01,VAT,0,0,0
2023-12-01,VAT,2,2,0
2024-01-01,VAT,1,1,0
2024-02-01,VAT,1,1,0
2024-03-01,VAT,1,1,0
2024-04-01,VAT,3,3,0
2024-05-01,VAT,1,1,0
2024-06-01,VAT,1,0,1
2020-01-01,VCT,1,0,1
2020-02-01,VCT,4,3,1
2020-03-01,VCT,0,0,0
2020-04-01,VCT,0,0,0
2020-05-01,VCT,0,0,0
2020-06-01,VCT,0,0,0
2020-07-01,VCT,0,0,0
2020-08-01,VCT,0,0,0
2020-09-01,VCT,0,0,0
2020-10-01,VCT,0,0,0
2020-11-01,VCT,0,0,0
2020-12-01,VCT,0,0,0
2021-01-01,VCT,0,0,0
2021-02-01,VCT,0,0,0
2021-03-01,VCT,0,0,0
2021-04-01,VCT,0,0,0
2021-05-01,VCT,0,0,0
2021-06-01,VCT,0,0,0
2021-07-01,VCT,0,0,0
2021-08-01,VCT,0,0,0
2021-09-01,VCT,0,0,0
2021-10-01,VCT,0,0,0
2021-11-01,VCT,0,0,0
2021-12-01,VCT,0,0,0
2022-01-01,VCT,0,0,0
2022-02-01,VCT,0,0,0
2022-03-01,VCT,0,0,0
2022-04-01,VCT,0,0,0
2022-05-01,VCT,1,1,0
2022-06-01,VCT,0,0,0
2022-07-01,VCT,0,0,0
2022-08-01,VCT,5,3,2
2022-09-01,VCT,1,1,0
2022-10-01,VCT,0,0,0
2022-11-01,VCT,1,0,1
2022-12-01,VCT,1,1,0
2023-01-01,VCT,4,1,3
2023-02-01,VCT,1,1,0
2023-03-01,VCT,4,4,0
2023-04-01,VCT,3,3,0
2023-05-01,VCT,5,5,0
2023-06-01,VCT,14,4,10
2023-07-01,VCT,5,0,5
2023-08-01,VCT,1,1,0
2023-09-01,VCT,2,1,1
2023-10-01,VCT,1,0,1
2023-11-01,VCT,0,0,0
2023-12-01,VCT,3,2,1
2024-01-01,VCT,7,7,0
2024-02-01,VCT,2,2,0
2024-03-01,VCT,5,3,2
2024-04-01,VCT,2,2,0
2024-05-01,VCT,1,1,0
2024-06-01,VCT,1,1,0
2020-01-01,VEN,144,84,60
2020-02-01,VEN,122,72,50
2020-03-01,VEN,51,27,24
2020-04-01,VEN,0,0,0
2020-05-01,VEN,0,0,0
2020-06-01,VEN,2,1,1
2020-07-01,VEN,1,1,0
2020-08-01,VEN,0,0,0
2020-09-01,VEN,1,0,1
2020-10-01,VEN,1,1,0
2020-11-01,VEN,0,0,0
2020-12-01,VEN,1,1,0
2021-01-01,VEN,4,4,0
2021-02-01,VEN,1,1,0
2021-03-01,VEN,2,2,0
2021-04-01,VEN,2,2,0
2021-05-01,VEN,4,4,0
2021-06-01,VEN,0,0,0
2021-07-01,VEN,4,4,0
2021-08-01,VEN,7,5,2
2021-09-01,VEN,5,3,2
2021-10-01,VEN,1,1,0
2021-11-01,VEN,3,2,1
2021-12-01,VEN,4,4,0
2022-01-01,VEN,19,9,10
2022-02-01,VEN,6,4,2
2022-03-01,VEN,14,10,4
2022-04-01,VEN,23,13,10
2022-05-01,VEN,47,28,19
2022-06-01,VEN,44,31,13
2022-07-01,VEN,38,21,17
2022-08-01,VEN,63,30,33
2022-09-01,VEN,60,38,22
2022-10-01,VEN,88,62,26
2022-11-01,VEN,56,31,25
2022-12-01,VEN,72,35,37
2023-01-01,VEN,106,51,55
2023-02-01,VEN,72,36,36
2023-03-01,VEN,94,54,40
2023-04-01,VEN,99,57,42
2023-05-01,VEN,118,72,46
2023-06-01,VEN,85,51,34
2023-07-01,VEN,135,71,64
2023-08-01,VEN,112,65,47
2023-09-01,VEN,107,50,57
2023-10-01,VEN,111,63,48
2023-11-01,VEN,96,54,42
2023-12-01,VEN,115,56,59
2024-01-01,VEN,115,62,53
2024-02-01,VEN,123,70,53
2024-03-01,VEN,136,69,67
2024-04-01,VEN,132,71,61
2024-05-01,VEN,126,67,59
2024-06-01,VEN,99,58,41
2020-01-01,VNM,33278,11376,21902
2020-02-01,VNM,28011,8694,19317
2020-03-01,VNM,9951,2603,7348
2020-04-01,VNM,16,4,12
2020-05-01,VNM,50,3,47
2020-06-01,VNM,32,30,2
2020-07-01,VNM,167,4,163
2020-08-01,VNM,109,47,62
2020-09-01,VNM,98,26,72
2020-10-01,VNM,98,42,56
2020-11-01,VNM,173,44,129
2020-12-01,VNM,96,53,43
2021-01-01,VNM,103,29,74
2021-02-01,VNM,81,24,57
2021-03-01,VNM,133,52,81
2021-04-01,VNM,120,31,89
2021-05-01,VNM,109,44,65
2021-06-01,VNM,65,23,42
2021-07-01,VNM,54,19,35
2021-08-01,VNM,35,22,13
2021-09-01,VNM,58,22,36
2021-10-01,VNM,155,62,93
2021-11-01,VNM,134,51,83
2021-12-01,VNM,258,66,192
2022-01-01,VNM,288,69,219
2022-02-01,VNM,531,150,381
2022-03-01,VNM,863,245,618
2022-04-01,VNM,7733,2383,5350
2022-05-01,VNM,13659,3971,9688
2022-06-01,VNM,20944,6562,14382
2022-07-01,VNM,27639,9144,18495
2022-08-01,VNM,29688,10559,19129
2022-09-01,VNM,26313,8553,17760
2022-10-01,VNM,26678,8846,17832
2022-11-01,VNM,23411,7550,15861
2022-12-01,VNM,22375,6533,15842
2023-01-01,VNM,25067,7607,17460
2023-02-01,VNM,26281,8506,17775
2023-03-01,VNM,34209,10831,23378
2023-04-01,VNM,29742,9924,19818
2023-05-01,VNM,39323,12627,26696
2023-06-01,VNM,34515,12013,22502
2023-07-01,VNM,49792,18376,31416
2023-08-01,VNM,43537,15913,27624
2023-09-01,VNM,33736,11622,22114
2023-10-01,VNM,31667,10336,21331
2023-11-01,VNM,29124,9826,19298
2023-12-01,VNM,25152,7538,17614
2024-01-01,VNM,24227,7912,16315
2024-02-01,VNM,33033,10805,22228
2024-03-01,VNM,36278,11584,24694
2024-04-01,VNM,32790,10224,22566
2024-05-01,VNM,32679,10290,22389
2024-06-01,VNM,43703,14435,29268
2020-01-01,VUT,115,87,28
2020-02-01,VUT,68,61,7
2020-03-01,VUT,42,41,1
2020-04-01,VUT,0,0,0
2020-05-01,VUT,0,0,0
2020-06-01,VUT,0,0,0
2020-07-01,VUT,0,0,0
2020-08-01,VUT,0,0,0
2020-09-01,VUT,1,1,0
2020-10-01,VUT,0,0,0
2020-11-01,VUT,0,0,0
2020-12-01,VUT,0,0,0
2021-01-01,VUT,0,0,0
2021-02-01,VUT,1,1,0
2021-03-01,VUT,1,1,0
2021-04-01,VUT,0,0,0
2021-05-01,VUT,0,0,0
2021-06-01,VUT,0,0,0
2021-07-01,VUT,0,0,0
2021-08-01,VUT,0,0,0
2021-09-01,VUT,1,1,0
2021-10-01,VUT,0,0,0
2021-11-01,VUT,0,0,0
2021-12-01,VUT,6,4,2
2022-01-01,VUT,1,1,0
2022-02-01,VUT,4,4,0
2022-03-01,VUT,3,3,0
2022-04-01,VUT,13,13,0
2022-05-01,VUT,58,43,15
2022-06-01,VUT,39,33,6
2022-07-01,VUT,35,29,6
2022-08-01,VUT,62,44,18
2022-09-01,VUT,65,51,14
2022-10-01,VUT,72,52,20
2022-11-01,VUT,67,57,10
2022-12-01,VUT,81,57,24
2023-01-01,VUT,87,61,26
2023-02-01,VUT,60,50,10
2023-03-01,VUT,112,82,30
2023-04-01,VUT,87,72,15
2023-05-01,VUT,99,85,14
2023-06-01,VUT,87,69,18
2023-07-01,VUT,102,79,23
2023-08-01,VUT,165,128,37
2023-09-01,VUT,174,154,20
2023-10-01,VUT,146,111,35
2023-11-01,VUT,131,107,24
2023-12-01,VUT,165,120,45
2024-01-01,VUT,120,105,15
2024-02-01,VUT,150,128,22
2024-03-01,VUT,129,103,26
2024-04-01,VUT,124,107,17
2024-05-01,VUT,127,106,21
2024-06-01,VUT,170,143,27
2020-01-01,WSM,5,4,1
2020-02-01,WSM,3,1,2
2020-03-01,WSM,1,0,1
2020-04-01,WSM,0,0,0
2020-05-01,WSM,0,0,0
2020-06-01,WSM,0,0,0
2020-07-01,WSM,0,0,0
2020-08-01,WSM,0,0,0
2020-09-01,WSM,0,0,0
2020-10-01,WSM,0,0,0
2020-11-01,WSM,0,0,0
2020-12-01,WSM,0,0,0
2021-01-01,WSM,0,0,0
2021-02-01,WSM,0,0,0
2021-03-01,WSM,0,0,0
2021-04-01,WSM,0,0,0
2021-05-01,WSM,0,0,0
2021-06-01,WSM,0,0,0
2021-07-01,WSM,0,0,0
2021-08-01,WSM,0,0,0
2021-09-01,WSM,0,0,0
2021-10-01,WSM,0,0,0
2021-11-01,WSM,0,0,0
2021-12-01,WSM,0,0,0
2022-01-01,WSM,0,0,0
2022-02-01,WSM,0,0,0
2022-03-01,WSM,0,0,0
2022-04-01,WSM,0,0,0
2022-05-01,WSM,1,0,1
2022-06-01,WSM,1,0,1
2022-07-01,WSM,1,1,0
2022-08-01,WSM,2,2,0
2022-09-01,WSM,7,5,2
2022-10-01,WSM,10,5,5
2022-11-01,WSM,8,6,2
2022-12-01,WSM,2,0,2
2023-01-01,WSM,0,0,0
2023-02-01,WSM,2,2,0
2023-03-01,WSM,6,3,3
2023-04-01,WSM,4,1,3
2023-05-01,WSM,2,0,2
2023-06-01,WSM,4,3,1
2023-07-01,WSM,9,3,6
2023-08-01,WSM,3,0,3
2023-09-01,WSM,7,4,3
2023-10-01,WSM,5,4,1
2023-11-01,WSM,10,2,8
2023-12-01,WSM,5,2,3
2024-01-01,WSM,3,0,3
2024-02-01,WSM,2,1,1
2024-03-01,WSM,3,1,2
2024-04-01,WSM,3,0,3
2024-05-01,WSM,2,0,2
2024-06-01,WSM,2,2,0
2020-01-01,XXX,1352,799,553
2020-02-01,XXX,1048,611,437
2020-03-01,XXX,545,328,217
2020-04-01,XXX,0,0,0
2020-05-01,XXX,4,3,1
2020-06-01,XXX,4,2,2
2020-07-01,XXX,16,14,2
2020-08-01,XXX,20,14,6
2020-09-01,XXX,9,6,3
2020-10-01,XXX,14,9,5
2020-11-01,XXX,9,7,2
2020-12-01,XXX,13,8,5
2021-01-01,XXX,20,11,9
2021-02-01,XXX,10,7,3
2021-03-01,XXX,14,10,4
2021-04-01,XXX,10,7,3
2021-05-01,XXX,8,8,0
2021-06-01,XXX,6,5,1
2021-07-01,XXX,9,7,2
2021-08-01,XXX,13,4,9
2021-09-01,XXX,19,10,9
2021-10-01,XXX,24,17,7
2021-11-01,XXX,18,13,5
2021-12-01,XXX,24,13,11
2022-01-01,XXX,69,47,22
2022-02-01,XXX,29,19,10
2022-03-01,XXX,60,39,21
2022-04-01,XXX,177,103,74
2022-05-01,XXX,352,233,119
2022-06-01,XXX,341,195,146
2022-07-01,XXX,427,239,188
2022-08-01,XXX,430,268,162
2022-09-01,XXX,488,295,193
2022-10-01,XXX,551,333,218
2022-11-01,XXX,528,314,214
2022-12-01,XXX,586,349,237
2023-01-01,XXX,642,392,250
2023-02-01,XXX,611,364,247
2023-03-01,XXX,588,350,238
2023-04-01,XXX,575,350,225
2023-05-01,XXX,615,364,251
2023-06-01,XXX,514,306,208
2023-07-01,XXX,581,320,261
2023-08-01,XXX,685,395,290
2023-09-01,XXX,571,355,216
2023-10-01,XXX,574,365,209
2023-11-01,XXX,640,383,257
2023-12-01,XXX,68,42,26
2024-01-01,XXX,84,56,28
2024-02-01,XXX,68,42,26
2024-03-01,XXX,64,39,25
2024-04-01,XXX,63,39,24
2024-05-01,XXX,73,42,31
2024-06-01,XXX,71,40,31
2020-01-01,YEM,2412,1660,752
2020-02-01,YEM,3060,2358,702
2020-03-01,YEM,841,620,221
2020-04-01,YEM,0,0,0
2020-05-01,YEM,1,0,1
2020-06-01,YEM,0,0,0
2020-07-01,YEM,8,8,0
2020-08-01,YEM,14,12,2
2020-09-01,YEM,25,20,5
2020-10-01,YEM,26,19,7
2020-11-01,YEM,14,12,2
2020-12-01,YEM,28,23,5
2021-01-01,YEM,23,19,4
2021-02-01,YEM,48,39,9
2021-03-01,YEM,83,70,13
2021-04-01,YEM,96,77,19
2021-05-01,YEM,52,38,14
2021-06-01,YEM,38,35,3
2021-07-01,YEM,19,14,5
2021-08-01,YEM,63,40,23
2021-09-01,YEM,98,69,29
2021-10-01,YEM,206,165,41
2021-11-01,YEM,190,150,40
2021-12-01,YEM,285,204,81
2022-01-01,YEM,316,216,100
2022-02-01,YEM,376,260,116
2022-03-01,YEM,360,259,101
2022-04-01,YEM,720,497,223
2022-05-01,YEM,1059,711,348
2022-06-01,YEM,1181,767,414
2022-07-01,YEM,1201,758,443
2022-08-01,YEM,1527,974,553
2022-09-01,YEM,1309,916,393
2022-10-01,YEM,1230,932,298
2022-11-01,YEM,1296,899,397
2022-12-01,YEM,924,646,278
2023-01-01,YEM,1112,782,330
2023-02-01,YEM,1045,763,282
2023-03-01,YEM,1020,757,263
2023-04-01,YEM,959,654,305
2023-05-01,YEM,1231,854,377
2023-06-01,YEM,1591,967,624
2023-07-01,YEM,1615,1018,597
2023-08-01,YEM,1770,1150,620
2023-09-01,YEM,1510,1090,420
2023-10-01,YEM,1752,1329,423
2023-11-01,YEM,1653,1164,489
2023-12-01,YEM,1341,911,430
2024-01-01,YEM,1541,1006,535
2024-02-01,YEM,1419,1013,406
2024-03-01,YEM,839,656,183
2024-04-01,YEM,1124,781,343
2024-05-01,YEM,1259,874,385
2024-06-01,YEM,1815,1121,694
2020-01-01,ZAF,2676,1441,1235
2020-02-01,ZAF,1358,782,576
2020-03-01,ZAF,701,455,246
2020-04-01,ZAF,0,0,0
2020-05-01,ZAF,1,1,0
2020-06-01,ZAF,14,6,8
2020-07-01,ZAF,12,7,5
2020-08-01,ZAF,16,11,5
2020-09-01,ZAF,23,14,9
2020-10-01,ZAF,32,25,7
2020-11-01,ZAF,17,15,2
2020-12-01,ZAF,26,17,9
2021-01-01,ZAF,28,21,7
2021-02-01,ZAF,55,52,3
2021-03-01,ZAF,71,53,18
2021-04-01,ZAF,43,34,9
2021-05-01,ZAF,33,25,8
2021-06-01,ZAF,24,15,9
2021-07-01,ZAF,24,14,10
2021-08-01,ZAF,30,20,10
2021-09-01,ZAF,61,48,13
2021-10-01,ZAF,38,25,13
2021-11-01,ZAF,44,32,12
2021-12-01,ZAF,38,25,13
2022-01-01,ZAF,108,69,39
2022-02-01,ZAF,71,42,29
2022-03-01,ZAF,97,64,33
2022-04-01,ZAF,525,317,208
2022-05-01,ZAF,690,412,278
2022-06-01,ZAF,747,440,307
2022-07-01,ZAF,960,551,409
2022-08-01,ZAF,1001,570,431
2022-09-01,ZAF,970,566,404
2022-10-01,ZAF,1410,898,512
2022-11-01,ZAF,1088,666,422
2022-12-01,ZAF,2618,1355,1263
2023-01-01,ZAF,1674,893,781
2023-02-01,ZAF,1134,672,462
2023-03-01,ZAF,1185,703,482
2023-04-01,ZAF,1663,848,815
2023-05-01,ZAF,1167,695,472
2023-06-01,ZAF,1265,718,547
2023-07-01,ZAF,1773,998,775
2023-08-01,ZAF,1403,781,622
2023-09-01,ZAF,1592,944,648
2023-10-01,ZAF,1530,900,630
2023-11-01,ZAF,1587,992,595
2023-12-01,ZAF,3648,1836,1812
2024-01-01,ZAF,2142,1136,1006
2024-02-01,ZAF,1513,852,661
2024-03-01,ZAF,1677,940,737
2024-04-01,ZAF,1429,782,647
2024-05-01,ZAF,1353,801,552
2024-06-01,ZAF,1881,1017,864
2020-01-01,ZAR,0,0,0
2020-02-01,ZAR,1,0,1
2020-03-01,ZAR,0,0,0
2020-04-01,ZAR,0,0,0
2020-05-01,ZAR,0,0,0
2020-06-01,ZAR,0,0,0
2020-07-01,ZAR,0,0,0
2020-08-01,ZAR,0,0,0
2020-09-01,ZAR,0,0,0
2020-10-01,ZAR,0,0,0
2020-11-01,ZAR,0,0,0
2020-12-01,ZAR,0,0,0
2021-01-01,ZAR,0,0,0
2021-02-01,ZAR,0,0,0
2021-03-01,ZAR,0,0,0
2021-04-01,ZAR,0,0,0
2021-05-01,ZAR,0,0,0
2021-06-01,ZAR,0,0,0
2021-07-01,ZAR,0,0,0
2021-08-01,ZAR,0,0,0
2021-09-01,ZAR,0,0,0
2021-10-01,ZAR,0,0,0
2021-11-01,ZAR,0,0,0
2021-12-01,ZAR,0,0,0
2022-01-01,ZAR,0,0,0
2022-02-01,ZAR,0,0,0
2022-03-01,ZAR,0,0,0
2022-04-01,ZAR,0,0,0
2022-05-01,ZAR,0,0,0
2022-06-01,ZAR,0,0,0
2022-07-01,ZAR,0,0,0
2022-08-01,ZAR,0,0,0
2022-09-01,ZAR,0,0,0
2022-10-01,ZAR,0,0,0
2022-11-01,ZAR,0,0,0
2022-12-01,ZAR,1,0,1
2023-01-01,ZAR,0,0,0
2023-02-01,ZAR,0,0,0
2023-03-01,ZAR,0,0,0
2023-04-01,ZAR,0,0,0
2023-05-01,ZAR,0,0,0
2023-06-01,ZAR,0,0,0
2023-07-01,ZAR,1,1,0
2023-08-01,ZAR,0,0,0
2023-09-01,ZAR,0,0,0
2023-10-01,ZAR,0,0,0
2023-11-01,ZAR,1,1,0
2023-12-01,ZAR,3,1,2
2024-01-01,ZAR,2,0,2
2024-02-01,ZAR,2,1,1
2024-03-01,ZAR,1,1,0
2024-04-01,ZAR,2,1,1
2024-05-01,ZAR,4,2,2
2024-06-01,ZAR,5,3,2
2020-01-01,ZMB,113,58,55
2020-02-01,ZMB,81,44,37
2020-03-01,ZMB,25,17,8
2020-04-01,ZMB,0,0,0
2020-05-01,ZMB,0,0,0
2020-06-01,ZMB,0,0,0
2020-07-01,ZMB,1,1,0
2020-08-01,ZMB,3,2,1
2020-09-01,ZMB,8,4,4
2020-10-01,ZMB,2,1,1
2020-11-01,ZMB,2,2,0
2020-12-01,ZMB,4,3,1
2021-01-01,ZMB,5,4,1
2021-02-01,ZMB,9,5,4
2021-03-01,ZMB,24,13,11
2021-04-01,ZMB,15,4,11
2021-05-01,ZMB,11,4,7
2021-06-01,ZMB,4,2,2
2021-07-01,ZMB,1,1,0
2021-08-01,ZMB,8,4,4
2021-09-01,ZMB,9,5,4
2021-10-01,ZMB,10,3,7
2021-11-01,ZMB,6,3,3
2021-12-01,ZMB,6,3,3
2022-01-01,ZMB,8,5,3
2022-02-01,ZMB,24,11,13
2022-03-01,ZMB,24,13,11
2022-04-01,ZMB,14,9,5
2022-05-01,ZMB,30,21,9
2022-06-01,ZMB,38,21,17
2022-07-01,ZMB,22,15,7
2022-08-01,ZMB,43,23,20
2022-09-01,ZMB,76,50,26
2022-10-01,ZMB,44,26,18
2022-11-01,ZMB,43,22,21
2022-12-01,ZMB,63,34,29
2023-01-01,ZMB,69,39,30
2023-02-01,ZMB,52,30,22
2023-03-01,ZMB,64,35,29
2023-04-01,ZMB,45,30,15
2023-05-01,ZMB,49,22,27
2023-06-01,ZMB,87,43,44
2023-07-01,ZMB,59,33,26
2023-08-01,ZMB,80,46,34
2023-09-01,ZMB,121,50,71
2023-10-01,ZMB,56,31,25
2023-11-01,ZMB,109,63,46
2023-12-01,ZMB,179,83,96
2024-01-01,ZMB,111,58,53
2024-02-01,ZMB,43,14,29
2024-03-01,ZMB,74,40,34
2024-04-01,ZMB,65,30,35
2024-05-01,ZMB,53,33,20
2024-06-01,ZMB,77,39,38
2020-01-01,ZWE,222,119,103
2020-02-01,ZWE,169,104,65
2020-03-01,ZWE,70,37,33
2020-04-01,ZWE,0,0,0
2020-05-01,ZWE,0,0,0
2020-06-01,ZWE,0,0,0
2020-07-01,ZWE,1,1,0
2020-08-01,ZWE,1,0,1
2020-09-01,ZWE,0,0,0
2020-10-01,ZWE,8,3,5
2020-11-01,ZWE,1,0,1
2020-12-01,ZWE,2,1,1
2021-01-01,ZWE,1,1,0
2021-02-01,ZWE,1,1,0
2021-03-01,ZWE,11,5,6
2021-04-01,ZWE,12,6,6
2021-05-01,ZWE,11,8,3
2021-06-01,ZWE,3,2,1
2021-07-01,ZWE,3,1,2
2021-08-01,ZWE,15,4,11
2021-09-01,ZWE,8,3,5
2021-10-01,ZWE,19,7,12
2021-11-01,ZWE,13,6,7
2021-12-01,ZWE,1,0,1
2022-01-01,ZWE,25,9,16
2022-02-01,ZWE,44,19,25
2022-03-01,ZWE,26,8,18
2022-04-01,ZWE,53,27,26
2022-05-01,ZWE,69,43,26
2022-06-01,ZWE,71,35,36
2022-07-01,ZWE,112,57,55
2022-08-01,ZWE,124,47,77
2022-09-01,ZWE,97,52,45
2022-10-01,ZWE,146,62,84
2022-11-01,ZWE,99,37,62
2022-12-01,ZWE,171,66,105
2023-01-01,ZWE,125,63,62
2023-02-01,ZWE,89,44,45
2023-03-01,ZWE,121,52,69
2023-04-01,ZWE,105,46,59
2023-05-01,ZWE,108,60,48
2023-06-01,ZWE,156,74,82
2023-07-01,ZWE,231,99,132
2023-08-01,ZWE,198,91,107
2023-09-01,ZWE,199,104,95
2023-10-01,ZWE,200,91,109
2023-11-01,ZWE,182,80,102
2023-12-01,ZWE,311,151,160
2024-01-01,ZWE,216,109,107
2024-02-01,ZWE,186,85,101
2024-03-01,ZWE,140,69,71
2024-04-01,ZWE,167,70,97
2024-05-01,ZWE,163,83,80
2024-06-01,ZWE,181,91,90
